v    a1  a2  depth  ell  n_leaves    mass1     mass2  |sum S1 S2*|   CS_budget  rand_phase  ratio_CS  ratio_RP
1      2   4     2    2        9  0.317444  0.158691 4.570535e-02 2.485255e-01 9.216181e-02    0.1839    0.4959
1      2   4     3    3       28  0.090865  0.051059 4.364775e-03 5.699531e-02 1.098890e-02    0.0766    0.3972
1      2   4     4    4       94  0.026410  0.026120 6.649128e-04 2.257153e-02 2.679036e-03    0.0295    0.2482
1      2   4     5    5      309  0.008355  0.011960 5.557013e-05 8.266458e-03 5.454350e-04    0.0067    0.1019
1      2   4     6    6      945  0.002869  0.002385 5.333357e-06 9.678855e-04 3.631133e-05    0.0055    0.1469
1      2   4     7    7     2912  0.000877  0.000680 5.146832e-07 1.887830e-04 4.159419e-06    0.0027    0.1237
1      2   4     8    8     8748  0.000266  0.000175 4.517248e-08 2.579896e-05 3.463815e-07    0.0018    0.1304
1      2   4     9    9    26244  0.000079  0.000058 4.477423e-09 7.122026e-06 5.369336e-08    0.0006    0.0834
1      2   4    10   10    78732  0.000024  0.000018 3.721591e-10 1.462925e-06 6.654266e-09    0.0003    0.0559
1      2   4    11   11   236196  0.000007  0.000005 2.900582e-11 2.766820e-07 7.246793e-10    0.0001    0.0400
1      2   4    12   12   708588  0.000002  0.000002 3.161826e-12 4.770023e-08 8.798449e-11    0.0001    0.0359
1      2   4    13   13  2125764  0.000001  0.000001 3.716795e-13 1.246051e-08 1.304076e-11    0.0000    0.0285
1      2   4    14   14  6377292  0.000000  0.000000 3.955157e-14 3.339223e-09 2.115934e-12    0.0000    0.0187
5      3   5     2    2       10  0.269836  0.539673 9.840469e-01 9.840469e-01 3.489412e-01    1.0000    2.8201
5      3   5     3    3       23  0.138725  0.277450 2.189431e-02 8.104859e-01 1.590562e-01    0.0270    0.1377
5      3   5     4    4       85  0.083293  0.048178 3.822525e-03 1.658679e-01 1.950976e-02    0.0230    0.1959
5      3   5     5    5      302  0.016102  0.011418 1.789466e-04 1.069143e-02 6.789223e-04    0.0167    0.2636
5      3   5     6    6      966  0.004662  0.002947 1.147498e-05 1.928710e-03 7.148400e-05    0.0059    0.1605
5      3   5     7    7     2915  0.001171  0.000852 1.549052e-06 2.569338e-04 5.483029e-06    0.0060    0.2825
5      3   5     8    8     8748  0.000396  0.000259 8.563703e-08 7.204472e-05 8.912287e-07    0.0012    0.0961
5      3   5     9    9    26244  0.000122  0.000077 6.010873e-09 1.238313e-05 9.240807e-08    0.0005    0.0650
5      3   5    10   10    78732  0.000036  0.000025 6.691836e-10 3.057599e-06 1.280026e-08    0.0002    0.0523
5      3   5    11   11   236196  0.000011  0.000009 9.272239e-11 8.389566e-07 2.035962e-09    0.0001    0.0455
5      3   5    12   12   708588  0.000004  0.000003 1.079882e-11 2.298736e-07 3.200987e-10    0.0000    0.0337
5      3   5    13   13  2125764  0.000001  0.000001 1.229808e-12 6.266986e-08 5.164456e-11    0.0000    0.0238
5      3   5    14   14  6377292  0.000000  0.000000 1.472145e-13 2.664217e-08 1.232971e-11    0.0000    0.0119
7      4   6     2    2        9  0.317444  0.158691 4.563776e-02 2.485255e-01 9.216181e-02    0.1836    0.4952
7      4   6     3    3       23  0.102138  0.045430 8.925321e-03 5.722262e-02 1.101415e-02    0.1560    0.8104
7      4   6     4    4       94  0.047122  0.008934 4.104828e-04 1.153554e-02 1.280993e-03    0.0356    0.3204
7      4   6     5    5      311  0.009322  0.002167 1.308017e-05 8.755072e-04 5.712067e-05    0.0149    0.2290
7      4   6     6    6      968  0.002271  0.000849 1.508139e-06 1.838498e-04 7.242347e-06    0.0082    0.2082
7      4   6     7    7     2913  0.000880  0.000278 2.302899e-07 5.947001e-05 1.277325e-06    0.0039    0.1803
7      4   6     8    8     8747  0.000289  0.000100 1.989547e-08 1.663063e-05 2.210467e-07    0.0012    0.0900
7      4   6     9    9    26244  0.000096  0.000040 3.551121e-09 6.312823e-06 4.748678e-08    0.0006    0.0748
7      4   6    10   10    78732  0.000027  0.000012 2.955882e-10 1.024319e-06 4.275900e-09    0.0003    0.0691
7      4   6    11   11   236196  0.000008  0.000004 2.829776e-11 1.720223e-07 4.248279e-10    0.0002    0.0666
7      4   6    12   12   708588  0.000003  0.000001 3.099594e-12 5.738555e-08 8.241790e-11    0.0001    0.0376
7      4   6    13   13  2125764  0.000001  0.000000 2.593176e-13 1.810805e-08 1.555586e-11    0.0000    0.0167
7      4   6    14   14  6377292  0.000000  0.000000 4.849516e-14 5.579367e-09 2.651473e-12    0.0000    0.0183
11     1   3     2    2        9  0.079346  0.634888 2.485255e-01 2.485255e-01 9.216181e-02    1.0000    2.6966
11     1   3     3    3       26  0.022715  0.181730 3.228392e-03 5.292535e-02 1.030480e-02    0.0610    0.3133
11     1   3     4    4      101  0.007297  0.035737 2.389541e-04 6.270354e-03 7.940488e-04    0.0381    0.3009
11     1   3     5    5      313  0.003188  0.009810 2.703132e-05 2.219373e-03 1.452447e-04    0.0122    0.1861
11     1   3     6    6      952  0.000663  0.004306 1.511423e-06 4.594828e-04 1.701031e-05    0.0033    0.0889
11     1   3     7    7     2915  0.000165  0.001386 1.590692e-07 6.334690e-05 1.356915e-06    0.0025    0.1172
11     1   3     8    8     8748  0.000062  0.000374 2.097984e-08 1.380289e-05 1.829488e-07    0.0015    0.1147
11     1   3     9    9    26244  0.000020  0.000137 2.579011e-09 4.318315e-06 3.242581e-08    0.0006    0.0795
11     1   3    10   10    78732  0.000007  0.000052 3.337223e-10 1.395891e-06 6.500013e-09    0.0002    0.0513
11     1   3    11   11   236196  0.000002  0.000017 3.241838e-11 2.856731e-07 6.970340e-10    0.0001    0.0465
11     1   3    12   12   708588  0.000001  0.000005 2.890627e-12 5.587661e-08 7.969269e-11    0.0001    0.0363
11     1   3    13   13  2125764  0.000000  0.000002 3.181140e-13 1.489923e-08 1.268595e-11    0.0000    0.0251
11     1   3    14   14  6377292  0.000000  0.000000 7.073699e-14 4.290129e-09 2.084073e-12    0.0000    0.0339
17     1   5     2    2       10  0.634888  0.317444 9.940632e-01 9.940632e-01 3.686277e-01    1.0000    2.6967
17     1   5     3    3       25  0.121857  0.060928 4.343369e-03 6.305763e-02 1.191130e-02    0.0689    0.3646
17     1   5     4    4       95  0.034977  0.016982 2.852959e-03 1.271945e-02 1.427455e-03    0.2243    1.9986
17     1   5     5    5      311  0.008400  0.006875 5.289874e-05 3.079338e-03 1.963711e-04    0.0172    0.2694
17     1   5     6    6      965  0.002902  0.002239 4.696085e-06 9.395696e-04 3.478983e-05    0.0050    0.1350
17     1   5     7    7     2916  0.000895  0.000711 2.527557e-08 1.956701e-04 4.176615e-06    0.0001    0.0061
17     1   5     8    8     8747  0.000263  0.000190 4.619564e-08 2.645491e-05 3.355202e-07    0.0017    0.1377
17     1   5     9    9    26244  0.000080  0.000054 7.202453e-10 3.847441e-06 3.135469e-08    0.0002    0.0230
17     1   5    10   10    78732  0.000028  0.000016 1.957631e-10 1.028160e-06 4.526780e-09    0.0002    0.0432
17     1   5    11   11   236196  0.000010  0.000005 3.992623e-11 2.700089e-07 7.282789e-10    0.0001    0.0548
17     1   5    12   12   708588  0.000003  0.000002 1.672493e-12 6.963588e-08 1.012034e-10    0.0000    0.0165
17     1   5    13   13  2125764  0.000001  0.000001 4.821674e-13 1.696518e-08 1.419706e-11    0.0000    0.0340
17     1   5    14   14  6377292  0.000000  0.000000 5.408197e-14 3.895932e-09 1.940384e-12    0.0000    0.0279
25     4   6     2    2        9  0.079346  0.634888 4.570535e-02 2.485255e-01 9.216181e-02    0.1839    0.4959
25     4   6     3    3       27  0.015228  0.204276 2.617916e-03 4.283430e-02 8.346723e-03    0.0611    0.3136
25     4   6     4    4       96  0.004370  0.064673 2.497429e-04 6.374691e-03 7.293470e-04    0.0392    0.3424
25     4   6     5    5      306  0.001286  0.019286 1.839418e-05 1.259795e-03 8.204026e-05    0.0146    0.2242
25     4   6     6    6      951  0.000373  0.005856 2.123896e-06 2.447894e-04 9.119409e-06    0.0087    0.2329
25     4   6     7    7     2915  0.000151  0.001857 1.157907e-07 9.176706e-05 2.018748e-06    0.0013    0.0574
25     4   6     8    8     8747  0.000070  0.000559 7.143411e-09 3.494469e-05 4.815715e-07    0.0002    0.0148
25     4   6     9    9    26244  0.000029  0.000167 2.905616e-09 1.233654e-05 8.815771e-08    0.0002    0.0330
25     4   6    10   10    78732  0.000009  0.000060 5.274602e-10 4.305672e-06 1.772714e-08    0.0001    0.0298
25     4   6    11   11   236196  0.000003  0.000017 4.954735e-11 5.475961e-07 1.310693e-09    0.0001    0.0378
25     4   6    12   12   708588  0.000001  0.000005 4.733365e-12 1.126244e-07 1.578209e-10    0.0000    0.0300
25     4   6    13   13  2125764  0.000000  0.000002 5.137513e-13 3.847781e-08 3.099342e-11    0.0000    0.0166
25     4   6    14   14  6377292  0.000000  0.000001 6.806211e-14 1.521287e-08 7.021759e-12    0.0000    0.0097
