# q=5 mode=arith roots=300 cp_lo=4 cp_hi=10 buf_lo=9 buf_hi=15 seed=2026
# root nvisited then n_cp*n_buf cumulative counts N(val<=cp[ci], pmax<=buf[bi]) row-major ci,bi
1077 77424008 13 13 13 13 13 13 13 57 57 57 57 57 57 57 247 247 247 247 247 247 247 978 1027 1062 1062 1062 1062 1062 3646 4224 4682 4763 4801 4810 4810 9593 15979 19862 20914 21537 21751 21793 9593 41881 75076 87773 94019 96470 97400
1699 33727717 8 8 8 8 8 8 8 31 31 31 31 31 31 31 123 124 124 124 124 124 124 512 527 529 529 529 529 529 1759 2027 2088 2114 2115 2115 2115 4646 7670 8752 9220 9348 9394 9430 4646 20264 33211 38703 40711 41489 42084
303 64650729 14 14 14 14 14 14 14 50 50 50 50 50 50 50 197 197 204 204 204 204 204 789 819 873 874 880 882 882 2942 3500 3874 3932 4021 4050 4051 7754 13129 16310 17293 17915 18161 18251 7754 34751 61572 72443 77906 80127 81208
9511 266253 1 1 1 1 1 1 1 2 2 2 2 2 2 2 4 4 4 4 4 4 4 9 9 9 9 9 9 9 28 28 28 28 28 28 28 67 88 91 95 95 95 95 67 198 276 355 361 368 368
2921 1901995 2 2 2 2 2 2 2 5 5 5 5 5 5 5 11 11 11 11 11 11 11 37 39 39 39 39 39 39 138 153 153 154 154 154 154 344 547 588 603 603 603 604 344 1407 2079 2298 2359 2413 2424
9989 44577452 2 2 2 2 2 2 2 22 22 23 23 23 23 23 124 124 134 136 136 136 136 491 502 559 569 571 575 575 1893 2175 2509 2594 2652 2694 2694 5025 8423 10894 11827 12351 12586 12613 5025 22317 41093 49415 53623 55592 56121
9469 4035451 2 2 2 2 2 2 2 3 3 3 3 3 3 3 18 18 18 18 18 18 18 62 62 62 62 62 62 62 245 269 275 275 275 275 275 625 977 1105 1135 1166 1172 1174 625 2540 4157 4729 5036 5162 5219
881 34768019 8 8 8 8 8 8 8 32 32 32 32 32 32 32 121 121 121 121 121 121 121 517 532 532 540 540 547 547 1824 2088 2130 2192 2225 2264 2264 4686 7748 8844 9399 9760 9962 9997 4686 20140 32643 38653 41676 43237 43764
3817 7443440 3 3 3 3 3 3 3 11 11 11 11 11 11 11 31 31 31 31 31 31 31 101 106 109 109 109 109 109 413 460 482 488 495 495 495 1086 1731 2049 2138 2188 2220 2221 1086 4462 7519 8592 9161 9444 9489
6823 531205541 73 75 75 75 75 75 75 347 364 364 364 364 364 364 1470 1589 1633 1635 1635 1636 1636 6313 7061 7359 7403 7430 7453 7466 23931 29637 32118 32881 33153 33395 33489 62970 111342 133854 142687 146366 148434 149293 62970 294393 506143 599024 638774 657857 666411
5489 8958321 2 2 2 2 2 2 2 10 10 10 10 10 10 10 35 35 35 35 35 35 35 127 134 134 134 134 134 134 484 577 596 608 608 608 608 1258 2156 2454 2585 2602 2618 2619 1258 5587 8992 10487 10965 11266 11328
4229 215322725 27 27 27 27 27 27 27 139 139 139 139 139 139 139 675 677 683 683 683 683 683 2856 2989 3034 3049 3057 3062 3062 10493 12375 13084 13462 13603 13659 13674 27590 46672 54218 58050 59633 60391 60670 27590 122645 203097 242235 258785 266636 270016
9383 40105667 7 7 7 7 7 7 7 23 23 23 23 23 23 23 124 127 127 127 127 127 127 533 560 567 569 569 569 569 2011 2311 2425 2476 2487 2489 2489 5518 9100 10491 11183 11447 11544 11573 5518 23821 39179 46442 49168 50460 50890
1931 26852693 7 7 7 7 7 7 7 20 20 20 20 20 20 20 71 71 71 71 71 71 71 354 369 373 373 373 373 373 1241 1468 1568 1587 1600 1605 1605 3253 5680 6781 7200 7418 7485 7505 3253 14954 25692 30227 32501 33219 33515
4409 21222154 5 5 5 5 5 5 5 22 22 22 22 22 22 22 84 84 84 84 84 84 84 303 303 303 303 307 307 307 1150 1272 1288 1296 1369 1376 1376 3010 4802 5286 5516 5924 6004 6014 3010 12604 19777 22764 25633 26361 26580
3647 8647071 2 2 2 2 2 2 2 4 4 4 4 4 4 4 22 22 22 23 23 29 29 80 92 92 105 105 130 130 263 344 353 414 414 540 541 697 1282 1414 1785 1812 2393 2416 697 3435 5369 7618 8073 10584 10872
9637 5629485 1 1 1 1 1 1 1 4 4 4 4 4 4 4 16 16 16 16 18 18 18 59 60 60 60 71 77 77 217 236 246 247 319 353 353 525 868 1004 1054 1386 1557 1564 525 2269 3749 4406 6093 6954 7042
9697 1175551 1 1 1 1 1 1 1 3 3 3 3 3 3 3 5 5 5 5 5 5 5 17 17 17 17 17 17 17 61 76 78 78 78 80 80 175 288 326 335 335 355 355 175 769 1183 1373 1400 1482 1491
8649 6273254 3 3 3 3 3 3 3 5 5 5 5 5 5 5 16 16 16 16 16 16 16 71 72 77 77 77 77 77 278 302 375 376 377 377 377 698 1188 1743 1786 1812 1816 1816 698 2930 6256 7004 7416 7544 7606
2967 7663260 3 3 3 3 3 3 3 11 11 11 11 11 11 11 31 31 31 31 31 31 31 112 113 114 114 114 114 114 413 447 476 480 480 480 480 1135 1710 1982 2066 2076 2081 2101 1135 4673 7569 8748 9080 9286 9468
1657 28785931 8 8 8 8 8 8 8 29 29 29 29 29 29 29 117 117 117 117 117 117 117 435 442 443 443 443 443 443 1638 1836 1889 1901 1909 1915 1923 4315 6797 7778 8133 8279 8328 8381 4315 17660 28696 33122 35039 35724 36245
4433 103619788 11 11 11 11 11 11 11 52 52 52 52 52 52 52 308 308 311 311 311 311 311 1345 1386 1408 1420 1420 1424 1424 5016 5793 6114 6381 6440 6465 6480 13341 21963 25718 27929 28606 28994 29199 13341 57682 96616 116948 124420 128303 130152
7777 6763325 4 4 4 4 4 4 4 8 8 8 8 8 8 8 20 20 20 20 20 20 20 67 95 96 96 96 96 96 217 420 451 451 451 451 453 546 1594 1878 1918 1929 1930 1946 546 4299 7063 7845 8239 8337 8454
943 103833821 19 19 19 19 19 19 19 85 85 85 86 86 86 86 351 351 351 358 358 358 358 1378 1425 1451 1501 1501 1501 1501 4997 5802 6160 6545 6585 6604 6605 12807 21573 25261 28265 28827 29108 29247 12807 56659 94785 118091 124948 128105 129960
6521 4165002 1 1 1 1 1 1 1 5 5 5 5 5 5 5 15 15 15 15 15 15 15 59 59 60 60 60 60 60 230 235 278 279 279 279 279 588 801 1094 1156 1159 1161 1161 588 2059 4159 4831 5072 5171 5196
2081 36344150 9 9 9 9 9 9 9 35 35 35 35 35 35 35 138 138 138 138 138 138 138 534 556 560 560 560 560 560 1974 2266 2357 2365 2392 2395 2400 5186 8408 9572 9900 10190 10242 10325 5186 22051 35859 40989 43954 44774 45362
9753 39423225 5 5 5 5 5 5 5 22 22 22 22 22 22 22 111 113 113 113 113 113 113 518 561 563 574 575 575 575 1911 2336 2463 2537 2561 2563 2564 5057 8895 10325 11000 11321 11432 11476 5057 23524 38871 45339 48266 49493 50054
1069 47752869 8 8 8 8 8 8 8 35 35 35 35 35 35 35 141 145 152 152 152 152 152 567 600 648 656 656 656 656 2166 2523 2886 2982 3001 3004 3004 5542 9281 11853 12715 13080 13161 13200 5542 24575 45318 53908 57630 58959 59583
653 69627836 11 11 11 11 11 11 11 45 45 45 45 45 45 45 211 212 212 212 212 212 212 926 965 974 974 975 975 975 3454 4049 4235 4290 4335 4340 4370 9193 15251 17704 18582 19053 19171 19387 9193 40255 67096 78135 83501 85416 86922
1573 108345541 21 21 21 21 21 21 21 80 80 80 80 80 80 80 343 348 348 348 348 348 348 1528 1603 1609 1632 1636 1636 1640 5624 6597 6853 7074 7117 7121 7148 14537 24385 27873 29928 30565 30741 30966 14537 64021 104426 123996 131729 134478 136290
7977 16431398 2 2 2 2 2 2 2 9 9 9 9 9 9 9 30 30 33 33 33 33 33 174 178 194 194 194 194 194 678 776 910 930 941 941 942 1824 3022 4006 4333 4485 4521 4566 1824 8024 15316 18418 19884 20417 20770
4823 181356516 47 47 47 47 47 47 47 147 147 147 147 147 147 147 603 604 604 606 613 613 613 2475 2556 2566 2598 2642 2651 2651 9397 10721 11124 11453 11679 11744 11761 24443 40028 45763 48820 50638 51320 51583 24443 104808 170858 202460 218248 224803 227616
2579 32100542 5 5 5 5 5 5 5 29 29 29 29 29 29 29 109 109 109 109 109 109 109 453 455 459 459 459 459 459 1668 1877 1964 1981 2011 2051 2051 4417 7147 8066 8448 8690 8947 8950 4417 18948 30465 35558 38028 39798 40067
9889 11114312 2 2 2 2 2 2 2 7 7 7 7 7 7 7 28 28 28 28 28 28 28 93 106 114 114 115 115 115 368 524 608 609 641 646 646 992 2065 2670 2772 2945 3038 3038 992 5560 10139 11726 13056 13660 13775
8811 13032891 1 1 1 1 1 1 1 7 7 7 7 7 7 7 44 44 44 44 44 44 44 180 180 180 180 180 187 187 666 726 743 760 761 805 805 1853 2876 3243 3425 3470 3675 3682 1853 7708 12324 14333 15120 16308 16487
1491 57110458 8 8 8 8 8 8 8 42 42 42 42 42 42 42 191 192 192 192 192 192 192 769 795 798 802 802 803 803 2956 3394 3551 3648 3658 3680 3680 7737 12475 14552 15486 15786 16011 16059 7737 32749 54732 64454 68580 70742 71343
1079 74555684 12 12 12 12 12 12 12 59 59 59 59 59 59 59 252 253 253 253 253 253 253 996 1040 1057 1080 1082 1082 1082 3620 4177 4481 4684 4719 4725 4725 9403 15576 18666 20144 20593 20761 20833 9403 40943 70996 85067 90505 92656 93533
3649 6178377 3 3 3 3 3 3 3 11 11 11 11 11 11 11 31 31 31 31 31 31 31 104 104 104 104 104 104 104 346 370 375 384 385 385 386 909 1344 1550 1670 1699 1705 1713 909 3504 5891 7146 7513 7655 7730
7071 25497494 1 1 1 1 1 1 1 8 8 8 8 8 8 8 59 64 64 64 64 64 64 281 350 352 352 352 352 352 1128 1599 1652 1668 1671 1677 1677 2944 5922 6652 6976 7111 7185 7193 2944 15638 25030 29073 30985 31801 32070
3721 3558862 1 1 1 1 1 1 1 5 5 5 5 5 5 5 15 15 15 15 15 15 15 48 48 48 48 48 48 48 190 203 205 221 221 224 224 556 782 849 938 948 1001 1012 556 2112 3175 3931 4126 4453 4574
4049 34548904 4 4 4 4 4 4 4 29 29 29 31 31 31 31 100 100 100 111 111 111 111 373 396 430 485 495 496 496 1334 1669 1856 2151 2224 2234 2237 3472 6075 7428 8909 9418 9490 9565 3472 16103 28424 37925 41748 42727 43343
3927 230002626 41 41 41 41 41 41 41 157 157 157 157 157 157 157 688 694 696 696 696 696 696 2905 3069 3124 3149 3166 3173 3173 10897 12760 13607 14010 14269 14317 14328 28713 48434 57594 61804 64197 64841 65152 28713 126634 214915 256638 277935 285153 288839
109 348483795 41 41 41 41 41 41 41 196 201 216 216 216 216 216 959 986 1070 1070 1072 1072 1072 3996 4276 4764 4787 4815 4821 4822 15187 17922 21066 21507 21764 21891 21920 39861 66781 87859 93339 96255 97579 98033 39861 176157 331209 390364 418900 431873 437229
8309 4791067 2 2 2 2 2 2 2 4 4 4 4 4 4 4 18 18 18 18 18 18 18 79 79 79 79 79 79 79 268 285 286 301 301 301 301 728 1097 1199 1304 1328 1331 1335 728 2785 4608 5414 5748 5853 5911
8129 28003471 8 8 8 8 8 8 8 23 23 23 23 23 23 23 99 99 99 99 99 99 99 426 438 438 438 438 438 438 1573 1740 1806 1838 1861 1867 1867 4250 6594 7422 7805 7990 8057 8063 4250 17315 27808 32347 34241 35006 35284
7069 4632036 3 3 3 3 3 3 3 9 9 9 9 9 9 9 24 24 24 24 24 24 24 84 85 85 85 85 85 85 274 322 325 326 326 326 326 724 1216 1323 1348 1350 1369 1375 724 3165 4945 5453 5684 5867 5965
1401 33587239 6 6 6 6 6 6 6 20 20 20 20 20 20 20 93 94 95 95 95 95 95 425 438 477 477 477 478 478 1635 1895 2113 2118 2140 2163 2163 4157 6969 8617 8887 9214 9363 9396 4157 18380 32679 37126 40154 41401 41947
2793 531221859 78 78 78 78 78 78 78 361 361 361 361 361 361 361 1650 1678 1686 1695 1695 1695 1695 6970 7413 7584 7664 7671 7675 7678 26059 30721 32724 33558 33737 33804 33840 68632 115648 136326 145457 148654 149842 150500 68632 303609 512112 605974 644151 659976 667799
9041 4947491 1 1 1 1 1 1 1 6 6 6 6 6 6 6 22 22 22 22 22 22 22 81 81 81 81 81 81 81 280 323 326 326 327 327 327 748 1224 1336 1356 1377 1400 1400 748 3154 4905 5601 5889 6111 6153
377 102758189 17 17 17 17 17 17 17 81 81 81 82 82 82 82 339 339 339 346 346 346 346 1354 1401 1427 1477 1477 1477 1477 4932 5732 6090 6475 6514 6533 6534 12652 21330 24981 27983 28517 28798 28937 12652 56017 93695 116896 123582 126736 128589
219 61366571 8 8 8 8 8 8 8 52 52 52 52 52 52 52 191 192 192 192 192 192 192 841 867 885 887 888 888 888 3126 3543 3773 3856 3890 3892 3904 8351 13425 15813 16765 17182 17311 17429 8351 35369 59551 69883 74286 76300 77347
6749 26536189 5 5 5 5 5 5 5 18 18 18 18 18 18 18 71 73 73 91 91 91 91 257 287 288 384 384 385 385 1008 1218 1244 1728 1731 1750 1750 2647 4524 5083 7420 7538 7655 7662 2647 11844 18938 30809 32358 33463 33713
4341 2650825 1 1 1 1 1 1 1 5 5 5 5 5 5 5 14 14 14 14 14 14 14 50 50 50 50 50 50 50 174 183 186 188 188 188 188 442 683 767 785 786 786 788 442 1725 2874 3214 3321 3352 3378
5053 21994309 3 3 3 3 3 3 3 14 14 14 14 14 14 14 75 75 75 75 75 75 75 281 304 315 319 319 319 319 1022 1234 1355 1417 1437 1437 1437 2617 4501 5494 5943 6172 6197 6208 2617 11795 20794 24862 26862 27443 27670
4001 13293983 2 2 2 2 2 2 2 9 9 9 9 9 9 9 41 43 43 43 43 43 43 177 199 199 199 199 201 201 677 809 848 853 861 875 875 1742 2959 3422 3547 3620 3689 3697 1742 7820 12953 14878 15688 16305 16524
8597 5184665 1 1 1 1 1 1 1 6 6 6 6 6 6 6 15 15 15 15 15 15 15 55 56 60 62 62 62 62 199 254 303 315 316 316 316 486 973 1276 1423 1465 1470 1474 486 2480 4710 5877 6328 6462 6516
5583 336474878 16 16 16 38 38 38 38 94 94 95 221 221 221 221 460 460 466 1001 1001 1001 1001 1993 2119 2200 4695 4703 4713 4714 7657 9014 9760 21028 21235 21394 21417 20141 33830 40715 91601 93944 95273 95635 20141 89384 153426 381232 405958 418550 423105
9399 4511663 3 3 3 3 3 3 3 6 6 6 6 6 6 6 16 16 16 16 16 16 16 55 56 56 56 56 56 56 197 231 246 256 256 256 256 539 946 1114 1240 1251 1252 1253 539 2530 4283 5214 5442 5533 5570
9441 9746893 1 1 1 1 1 1 1 4 4 4 4 4 4 4 16 16 16 16 16 16 16 110 110 119 119 119 119 132 462 494 574 578 581 582 625 1233 1824 2393 2483 2538 2555 2782 1233 4812 8979 10349 10975 11205 12372
357 261569110 11 11 11 33 33 33 33 59 59 59 185 185 185 185 257 257 257 792 792 792 792 1066 1157 1181 3673 3680 3690 3690 4046 4905 5255 16471 16609 16742 16754 10575 18233 21833 71708 73313 74337 74593 10575 48016 82396 297954 316411 326067 329404
3471 5901351 1 1 1 1 1 1 1 6 6 6 6 6 6 6 25 25 25 25 25 25 25 107 107 107 107 107 107 107 343 366 374 375 375 375 375 901 1394 1554 1604 1616 1628 1628 901 3683 5867 6745 7047 7230 7245
287 95449443 17 17 17 17 17 17 17 81 81 81 81 81 81 81 319 320 321 321 321 321 321 1294 1335 1360 1372 1372 1372 1372 4698 5496 5837 5970 6011 6017 6019 12424 20865 24681 26228 26853 26960 27023 12424 54882 92403 109559 116768 118997 120008
1483 159862982 27 27 27 27 27 27 27 113 113 113 113 113 113 113 487 487 498 498 498 498 498 2019 2086 2209 2217 2223 2225 2225 7492 8689 9546 9730 9849 9908 9909 19815 33143 40718 43369 44547 45083 45245 19815 87519 153373 181040 192979 198595 200887
4203 80819547 7 7 7 7 7 7 7 54 54 54 54 54 54 54 260 260 260 260 260 260 260 1124 1141 1147 1148 1148 1155 1155 4309 4781 4958 5023 5067 5116 5120 11370 18108 20874 21841 22318 22632 22740 11370 47978 79039 91576 97374 100390 101714
8199 111438073 19 19 19 19 19 19 19 76 76 76 76 76 76 76 356 358 358 359 359 359 359 1481 1522 1537 1558 1558 1560 1573 5537 6383 6719 6988 7016 7046 7099 14419 23857 28077 30316 30937 31328 31713 14419 62723 105395 126043 133650 137661 140582
3017 131610041 20 20 20 20 20 20 20 95 95 95 95 95 95 95 378 378 386 386 386 386 386 1633 1677 1736 1748 1750 1750 1768 6217 7194 7841 8001 8058 8103 8182 16689 27490 33265 35453 36237 36732 37194 16689 71964 124827 147745 157146 161883 165182
8673 10865333 3 3 3 3 3 3 3 11 11 11 11 11 11 11 44 44 44 44 44 44 44 188 191 191 191 191 191 191 625 682 693 709 711 711 711 1625 2494 2799 3061 3123 3143 3152 1625 6486 10445 12683 13373 13657 13828
9217 3217459 1 1 1 1 1 1 1 3 3 3 3 3 3 3 10 10 10 10 10 10 10 37 37 37 39 39 39 39 150 159 164 185 199 199 199 385 538 623 735 848 875 875 385 1432 2256 3102 3790 3996 3999
3799 63637876 10 10 10 10 10 10 10 43 43 43 43 43 43 43 210 210 210 210 210 210 210 832 868 887 887 887 888 888 3135 3697 3876 3930 3943 4004 4004 8265 13888 16281 17233 17536 17900 17975 8265 36381 60931 71943 76450 79217 80039
481 85164202 15 15 15 15 15 15 15 59 59 59 59 59 59 59 261 261 276 276 276 276 276 1132 1144 1241 1258 1260 1260 1260 4264 4723 5349 5477 5546 5549 5550 11103 17583 22081 23395 24081 24252 24299 11103 46256 83091 97580 104543 106913 107854
9669 9154872 3 3 3 3 3 3 3 12 12 12 12 12 12 12 37 37 37 37 37 37 37 132 135 135 135 135 135 135 497 547 560 564 576 576 576 1321 2152 2386 2510 2614 2632 2647 1321 5593 8827 10209 11162 11388 11542
8521 7445614 1 1 1 1 1 1 1 6 6 6 6 6 6 6 25 25 25 25 25 25 25 91 94 109 109 110 110 110 329 372 458 463 485 485 485 855 1395 1800 1896 2008 2016 2028 855 3822 6930 8180 8999 9190 9283
4429 163393222 31 31 31 31 31 31 31 144 144 144 144 144 144 144 553 563 563 563 563 563 563 2169 2320 2342 2348 2353 2354 2354 8136 9655 10107 10293 10377 10419 10424 21350 36258 41929 44354 45572 46049 46216 21350 95738 158101 185080 197832 203272 205434
679 73053831 13 13 13 13 13 13 13 44 44 44 44 44 44 44 218 218 218 218 218 218 218 988 1022 1039 1039 1039 1039 1039 3791 4285 4523 4600 4613 4616 4631 9933 16061 18748 19881 20203 20373 20509 9933 42479 70655 83312 88079 90204 91406
1043 45482654 9 9 9 9 9 9 9 29 29 29 29 29 29 29 135 140 140 140 140 140 140 537 600 615 627 627 627 627 2146 2634 2750 2832 2833 2843 2846 5609 9862 11455 12287 12477 12591 12665 5609 25918 43325 51875 54632 55998 56729
8687 35872169 2 2 2 2 2 2 2 14 14 14 14 14 14 14 78 78 86 87 87 87 87 420 427 478 494 494 494 494 1563 1760 2049 2171 2179 2179 2179 4187 6907 8832 9774 9980 10063 10087 4187 17988 32853 40314 42752 43880 44226
687 280837059 40 40 40 40 40 40 40 203 205 205 205 205 205 205 815 850 850 852 855 855 855 3362 3679 3722 3764 3804 3823 3823 12796 15700 16426 16991 17393 17521 17535 33686 59458 69031 74522 77619 78714 78971 33686 156224 259495 311461 337005 347411 351063
2021 12056270 2 2 2 2 2 2 2 10 10 10 10 10 10 10 36 36 36 36 36 36 36 118 141 148 150 150 150 150 481 663 730 762 780 780 780 1201 2423 2931 3166 3348 3358 3363 1201 6378 11070 13364 14725 15030 15160
8009 10804025 2 2 2 2 2 2 2 11 11 11 11 11 11 11 45 45 45 45 45 45 45 147 160 160 160 165 165 169 548 636 670 676 697 697 711 1428 2366 2863 2994 3080 3091 3164 1428 6123 10760 12276 13144 13336 13735
5183 27569737 8 8 8 8 8 8 8 32 32 32 32 32 32 32 118 118 119 119 119 119 119 393 405 419 421 421 421 421 1404 1563 1688 1727 1733 1733 1733 3640 5894 6978 7442 7547 7624 7638 3640 15516 26507 31558 33334 34283 34568
5891 33827165 2 2 2 2 2 2 2 12 12 12 12 12 12 12 75 77 86 86 86 86 86 374 401 442 446 446 446 446 1499 1768 2055 2092 2117 2142 2144 4030 6739 8540 9063 9349 9553 9598 4030 17476 31928 37714 40441 42010 42487
5823 37553865 6 6 6 6 6 6 6 22 22 22 22 22 22 22 105 106 106 106 106 106 106 489 540 540 541 541 544 544 1776 2196 2250 2281 2304 2328 2328 4707 8483 9608 10097 10358 10538 10563 4707 22215 36123 41983 44697 46287 46832
2697 2865334 2 2 2 2 2 2 2 9 9 9 9 9 9 9 17 17 17 17 17 17 17 47 47 47 47 47 47 47 158 181 183 188 198 198 198 386 581 666 738 803 803 804 386 1514 2470 3087 3529 3572 3590
7277 65962235 7 7 7 7 7 7 7 36 36 36 36 36 36 36 203 203 203 203 203 203 203 878 914 921 921 926 926 926 3216 3816 3975 3997 4061 4087 4094 8624 14577 16878 17626 18271 18547 18643 8624 38170 63274 73215 78995 81443 82576
797 7802603 3 3 3 3 3 3 3 6 6 6 6 6 6 6 30 30 30 30 30 30 30 132 132 132 132 132 132 132 440 461 469 469 469 481 483 1187 1765 2055 2098 2129 2210 2224 1187 4614 7806 8828 9336 9835 9945
9661 1823774 1 1 1 1 1 1 1 2 2 2 2 2 2 2 7 7 7 7 7 7 7 24 24 24 24 24 24 24 121 125 125 125 126 126 126 323 437 480 492 512 520 520 323 1169 1836 2078 2239 2322 2326
7801 3471693 2 2 2 2 2 2 2 4 4 4 4 4 4 4 17 17 17 17 17 17 17 59 63 63 63 63 63 63 216 248 249 252 252 252 252 557 851 910 973 976 977 978 557 2244 3436 4115 4204 4282 4337
6517 73983163 7 7 7 7 7 7 7 50 50 50 50 50 50 50 224 227 227 227 227 227 227 928 979 995 1000 1003 1003 1003 3553 4170 4410 4504 4590 4605 4606 9514 15960 18711 19869 20564 20716 20782 9514 42107 70630 83483 90036 92069 92902
927 166405899 28 28 28 28 28 28 28 118 118 118 118 118 118 118 506 506 517 517 517 517 517 2094 2168 2294 2302 2308 2310 2310 7730 9007 9906 10090 10209 10268 10269 20486 34494 42394 45113 46305 46854 47017 20486 91075 159767 188450 200771 206602 208970
7951 52485875 6 6 6 6 6 6 6 36 36 36 36 36 36 36 174 177 177 177 178 178 178 666 694 710 713 719 719 719 2428 2870 3128 3165 3220 3220 3220 6518 11157 13534 14060 14611 14678 14711 6518 29508 51186 58814 63886 65044 65591
1763 24383152 6 6 6 6 6 6 6 23 23 23 23 23 23 23 85 85 85 85 85 85 85 334 340 349 349 349 349 349 1187 1307 1453 1472 1485 1490 1490 3207 5144 6276 6549 6711 6841 6857 3207 13412 23840 27636 29484 30495 30810
2387 33532532 5 5 5 5 5 5 5 19 19 19 19 19 19 19 84 95 95 95 95 95 95 391 465 466 466 466 466 466 1415 1919 1993 2010 2019 2024 2043 3741 7431 8630 9084 9261 9349 9499 3741 19553 32375 37864 40096 41248 42216
3353 49790714 3 3 3 3 3 3 3 35 35 35 35 35 35 35 159 159 159 160 160 160 160 639 650 662 684 687 687 687 2412 2700 2872 3010 3052 3053 3053 6416 10409 12324 13455 13987 14103 14147 6416 27500 46422 55951 60463 61834 62462
4071 13877667 2 2 2 2 2 2 2 14 14 14 14 14 14 14 38 38 43 43 43 43 43 175 183 214 214 214 214 214 641 748 899 907 908 908 909 1698 2815 3652 3882 3973 3980 3999 1698 7338 13409 15822 16868 17157 17327
9161 3236535 1 1 1 1 1 1 1 2 2 2 2 2 2 2 14 14 14 14 14 14 14 58 58 58 58 58 58 58 194 217 218 218 218 218 218 508 808 912 929 931 932 934 508 2107 3373 3865 3996 4044 4092
2439 12263166 5 5 5 5 5 5 5 13 13 13 13 13 13 13 37 37 37 37 37 37 37 168 169 171 172 173 173 173 655 746 782 821 832 832 832 1697 2717 3249 3527 3624 3638 3648 1697 7201 12234 14594 15460 15688 15870
1729 261184124 38 38 38 38 38 38 38 200 201 201 201 201 201 201 850 857 864 864 869 869 869 3388 3550 3613 3627 3652 3656 3656 12796 14825 15761 16121 16323 16373 16403 34043 56264 66365 70523 72799 73487 73764 34043 148138 249899 294416 316026 324523 327785
9419 4746934 2 2 2 2 2 2 2 4 4 4 4 4 4 4 20 20 20 20 20 20 20 74 75 75 75 75 75 75 243 280 288 289 300 300 305 606 1033 1195 1261 1313 1314 1347 606 2674 4539 5390 5761 5815 6013
6369 22839336 2 2 2 2 2 2 2 16 16 16 16 16 16 16 74 79 79 79 79 79 79 277 318 325 325 325 325 325 972 1265 1361 1376 1380 1384 1385 2516 4915 5735 6014 6202 6253 6269 2516 13201 22194 25564 27578 28346 28617
8627 23426969 2 2 2 2 2 2 2 14 14 14 14 14 14 14 62 63 68 68 68 68 68 281 298 331 334 334 334 334 986 1186 1373 1408 1417 1420 1424 2503 4505 5819 6259 6418 6508 6536 2503 11876 21867 26099 27915 28780 29127
7001 10234714 2 2 2 2 2 2 2 8 8 8 8 8 8 8 29 29 30 30 30 30 30 127 127 139 139 139 139 139 475 527 590 597 614 614 615 1256 1993 2502 2622 2756 2780 2792 1256 5276 9543 11070 12195 12523 12668
1819 8970293 4 4 4 4 4 4 4 9 9 9 9 9 9 9 47 47 47 47 47 47 47 150 150 150 150 151 151 151 553 566 578 597 608 608 608 1361 1984 2273 2486 2576 2582 2592 1361 5132 8477 10205 10957 11131 11267
7831 3169388 1 1 1 1 1 1 1 4 4 4 4 4 4 4 21 21 21 21 21 21 21 52 52 52 52 52 52 52 179 194 197 197 197 197 197 511 809 925 929 934 938 938 511 2137 3479 3843 4032 4099 4104
457 117569499 25 25 25 25 25 25 25 82 82 82 82 82 82 82 371 371 371 371 371 371 371 1638 1694 1703 1712 1712 1712 1713 5966 6758 7073 7224 7264 7299 7304 15694 25604 29866 31845 32466 32827 32934 15694 67830 112993 134169 142005 145952 147401
8001 37057397 1 1 1 1 1 1 1 7 7 7 7 7 7 7 91 99 99 99 99 99 99 402 495 496 499 499 499 499 1520 2167 2244 2277 2277 2287 2287 4043 8350 9574 10093 10204 10317 10348 4043 22259 36373 42521 44797 46103 46655
8233 40334404 6 6 6 6 6 6 6 26 26 26 26 26 26 26 140 140 140 140 140 140 140 538 550 551 551 559 559 572 2075 2353 2430 2465 2510 2510 2572 5441 8783 10054 10519 10971 11031 11310 5441 23157 37899 44219 47837 48786 50368
9781 62124451 7 7 7 7 7 7 7 43 43 43 43 43 43 43 186 186 193 193 193 193 193 846 885 926 926 930 930 930 3023 3580 3895 3960 3989 3991 3996 7996 13581 16293 17209 17529 17646 17723 7996 35706 60642 71083 75408 77186 78017
5717 2410603 2 2 2 2 2 2 2 4 4 4 4 4 4 4 11 11 11 11 11 11 11 41 41 41 41 41 41 41 154 162 166 167 172 172 172 393 559 637 662 718 718 718 393 1466 2419 2684 3061 3095 3118
6743 19878463 3 3 3 3 3 3 3 20 20 20 20 20 20 20 68 68 68 68 68 68 68 246 249 251 251 251 251 251 981 1123 1149 1172 1185 1186 1191 2592 4313 4885 5238 5415 5523 5551 2592 11377 18435 22040 23815 24759 25003
9087 15572900 1 1 1 1 1 1 1 7 7 7 7 7 7 7 46 49 49 49 49 49 49 178 193 203 203 203 203 203 735 847 955 960 968 970 970 2011 3278 4088 4308 4396 4463 4474 2011 8686 15559 18243 19204 19778 19938
7451 59871093 5 5 5 5 5 5 5 31 31 31 31 31 31 31 184 184 184 184 184 184 184 793 828 835 835 840 840 840 2914 3449 3603 3621 3683 3709 3716 7758 13044 15200 15875 16456 16731 16827 7758 34192 57236 66220 71389 73726 74827
8377 77901778 2 2 2 2 2 2 2 39 39 39 39 39 39 39 218 236 239 239 239 239 239 943 1066 1102 1121 1125 1125 1125 3637 4494 4721 4868 4939 4947 4968 9277 16656 19454 20987 21534 21705 21835 9277 43887 73435 87754 93919 96183 97457
8013 24231593 4 4 4 4 4 4 4 21 21 21 21 21 21 21 66 66 66 66 66 66 66 325 328 330 344 344 344 344 1210 1352 1411 1496 1508 1512 1512 3272 5072 5891 6496 6713 6780 6790 3272 13348 22193 27117 29215 30076 30386
819 280804630 34 34 34 34 34 34 34 169 169 170 170 171 171 171 776 786 799 803 840 840 844 3414 3603 3739 3770 3927 3932 3979 12772 14984 16170 16600 17428 17491 17757 33774 56622 67637 72218 76920 77714 79090 33774 149256 254208 301002 333882 342931 352064
8003 28467503 4 4 4 4 4 4 4 23 23 23 23 23 23 23 105 105 105 105 105 105 105 408 415 415 416 416 416 416 1590 1768 1835 1853 1855 1866 1866 4093 6448 7412 7700 7839 7973 7979 4093 17088 27833 32016 34043 35205 35410
389 103772625 15 15 15 15 15 15 15 91 91 91 91 91 91 91 360 366 366 366 366 366 366 1396 1503 1517 1520 1520 1520 1520 5168 6204 6506 6645 6671 6675 6679 13563 23106 26812 28451 29042 29232 29349 13563 60811 100573 118375 125605 128682 130209
6349 18675055 5 5 5 5 5 5 5 17 17 17 17 17 17 17 77 77 77 77 77 77 77 292 296 297 297 297 297 297 1000 1146 1173 1181 1183 1183 1183 2574 4294 4848 5073 5143 5164 5170 2574 11436 18460 21476 22548 23084 23285
5997 7634492 2 2 2 2 2 2 2 6 6 6 6 6 6 6 25 25 25 25 25 25 25 105 105 108 108 108 108 108 385 424 454 473 474 474 474 983 1595 1957 2112 2140 2146 2152 983 4180 7591 9021 9434 9566 9641
6319 5555969 2 2 2 2 2 2 2 6 6 6 6 6 6 6 21 21 21 21 21 21 21 74 83 83 83 83 83 83 295 356 358 358 360 362 362 736 1282 1426 1472 1517 1533 1539 736 3391 5421 6210 6726 6894 7012
1271 15102293 3 3 3 3 3 3 3 13 13 13 13 13 13 13 50 50 50 50 50 50 50 198 200 202 202 202 202 202 808 885 943 949 951 953 953 2123 3311 3972 4156 4221 4261 4285 2123 8732 14878 17043 18047 18495 18766
3167 9489865 3 3 3 3 3 3 3 7 7 7 7 7 7 7 31 31 31 31 31 31 31 140 141 141 147 147 147 147 527 576 605 657 657 657 659 1359 2006 2363 2675 2698 2702 2732 1359 5300 8826 11072 11475 11663 11876
7499 105650372 13 13 13 13 13 13 13 70 70 70 70 70 70 70 308 309 313 313 313 313 313 1311 1377 1467 1478 1480 1480 1490 4963 5760 6353 6546 6624 6646 6749 13086 21875 26418 28447 29329 29609 30156 13086 57413 98846 117653 125937 129417 132962
7903 7707620 2 2 2 2 2 2 2 10 10 10 10 10 10 10 34 34 34 34 34 34 34 109 114 114 114 114 114 114 422 493 499 505 505 505 505 1121 1832 1979 2105 2118 2139 2139 1121 4838 7491 8928 9260 9487 9567
5409 43626823 11 11 11 11 11 11 11 43 43 43 43 43 43 43 161 161 161 161 161 161 161 584 610 614 614 625 625 625 2083 2503 2661 2715 2837 2839 2839 5396 9458 11237 11794 12464 12537 12559 5396 24719 41955 48673 53295 54448 54945
2277 20744760 7 7 7 7 7 7 7 17 17 17 17 17 17 17 80 80 80 80 80 80 80 277 280 280 280 280 280 280 1098 1222 1250 1273 1277 1279 1280 2900 4622 5251 5593 5702 5745 5775 2900 12161 19875 23486 24866 25526 25909
7401 42256593 9 9 9 9 9 9 9 27 27 27 27 27 27 27 136 136 136 136 136 136 136 557 591 595 600 600 600 600 2040 2424 2553 2634 2647 2650 2657 5368 9191 10801 11656 11874 11929 12032 5368 24305 40592 48173 51121 52137 52982
6027 8606109 4 4 4 4 4 4 4 9 9 9 9 9 9 9 30 30 30 30 30 30 30 121 124 124 124 124 124 124 409 466 489 500 504 518 518 1083 1876 2172 2365 2443 2538 2538 1083 4984 8118 9801 10491 11102 11172
4911 3430382 1 1 1 1 1 1 1 4 4 4 4 4 4 4 15 15 15 15 15 15 15 43 43 43 43 43 43 43 170 175 179 180 180 180 180 493 792 846 914 931 940 941 493 2127 3200 3970 4206 4302 4335
2403 47583219 5 5 5 5 5 5 5 29 29 29 29 29 29 29 138 139 140 140 140 140 140 630 648 667 673 673 673 673 2284 2648 2890 2975 2984 2990 2990 6037 10139 12302 13097 13354 13407 13431 6037 26691 46029 54816 58180 59321 59791
7963 869397 2 2 2 2 2 2 2 4 4 4 4 4 4 4 9 9 9 9 9 9 9 16 16 16 16 16 16 16 50 70 70 70 70 70 70 112 246 253 261 261 261 266 112 650 857 1017 1046 1054 1089
4191 1544213 1 1 1 1 1 1 1 4 4 4 4 4 4 4 13 13 13 13 13 13 13 36 36 36 36 36 36 36 110 115 117 117 117 117 117 291 436 484 502 504 504 504 291 1122 1695 1922 1973 1992 1992
5087 14643970 3 3 3 3 3 3 3 9 9 9 9 9 9 9 41 41 41 41 41 41 41 198 203 221 225 225 225 225 712 801 890 921 921 926 926 1954 3100 3725 4005 4050 4113 4122 1954 8107 14210 16883 17775 18266 18416
1477 96467000 13 13 13 13 13 13 13 70 70 70 70 70 70 70 289 290 291 292 292 292 292 1242 1303 1338 1351 1355 1357 1357 4506 5452 5822 5940 6033 6067 6069 11818 20566 24435 25914 26736 27055 27144 11818 54226 92105 108298 116471 119736 121179
499 193669375 28 28 28 28 28 28 28 114 114 114 114 114 114 114 573 580 581 581 581 581 581 2501 2625 2648 2659 2660 2661 2661 9533 11202 11710 11895 11999 12039 12072 25209 42320 49254 51793 53208 53792 54114 25209 111790 186779 217768 232671 239174 242233
5491 2853436 1 1 1 1 1 1 1 5 5 5 5 5 5 5 14 14 14 14 14 14 14 52 56 56 56 56 56 56 172 190 190 193 193 193 193 439 722 768 820 823 823 826 439 1872 2800 3268 3400 3442 3479
9359 85800713 16 16 16 16 16 16 16 47 47 47 47 47 47 47 239 239 239 239 239 239 239 1159 1209 1217 1226 1226 1226 1227 4264 4906 5155 5271 5303 5323 5328 11138 18595 21716 23218 23696 23944 24043 11138 49183 81887 97564 103509 106353 107512
9917 22591757 1 1 1 1 1 1 1 5 15 15 15 15 15 15 13 63 70 70 70 70 70 65 290 332 334 334 334 334 235 1120 1370 1399 1407 1408 1409 599 4239 5803 6165 6253 6275 6302 599 11149 21929 26048 27557 28033 28355
8359 10629320 4 4 4 4 4 4 4 8 8 8 8 8 8 8 28 28 28 28 28 28 28 133 136 137 137 142 142 142 521 573 597 607 626 626 626 1395 2216 2578 2757 2941 2955 2976 1395 5708 9498 11233 12447 12693 12911
2461 14596715 2 2 2 2 2 2 2 12 12 12 12 12 12 12 53 53 53 53 53 53 53 210 221 221 221 226 226 226 792 915 959 967 992 993 994 2058 3268 3822 3992 4191 4215 4237 2058 8517 14280 16593 18065 18357 18540
8633 59137868 9 9 9 9 9 9 9 37 37 37 37 37 37 37 173 174 174 174 174 174 174 788 827 832 833 833 833 833 2984 3409 3599 3667 3673 3680 3681 7924 12693 14959 16024 16288 16488 16522 7924 33582 56592 67461 71231 73336 73902
5661 7568842 1 1 1 1 1 1 1 5 5 5 5 5 5 5 19 19 19 19 19 19 19 92 92 92 92 92 92 93 401 439 450 456 457 460 470 1116 1639 1812 1943 2001 2056 2131 1116 4330 6891 8103 8619 9049 9500
139 272150109 29 29 29 29 29 29 29 141 141 156 156 156 156 156 739 741 825 825 825 825 825 3130 3265 3741 3763 3765 3771 3771 12110 13832 16665 17023 17136 17243 17266 31845 51511 69398 73720 75590 76654 77013 31845 135606 260310 306580 327298 337565 341812
9519 12916553 3 3 3 3 3 3 3 12 12 12 12 12 12 12 37 37 37 37 37 37 37 163 166 166 166 166 166 166 654 761 804 808 815 824 824 1763 2823 3387 3486 3572 3701 3724 1763 7349 12565 14253 15167 16033 16289
279 432989931 57 59 59 59 59 59 59 267 284 284 284 284 284 284 1180 1294 1337 1339 1339 1339 1339 5058 5725 5979 6023 6041 6056 6069 19245 24114 26135 26790 27025 27201 27294 50864 90823 108971 116206 119294 120922 121708 50864 240273 412333 487939 520865 536183 543569
3657 70848492 8 8 8 8 8 8 8 57 57 57 57 57 57 57 233 233 234 234 234 236 236 924 938 961 970 970 982 982 3515 3915 4182 4287 4295 4343 4369 9381 15146 17895 19095 19318 19670 19949 9381 40051 67544 79939 83753 86787 88841
2437 26001139 4 4 4 4 4 4 4 21 21 21 21 21 21 21 64 67 79 79 79 79 79 288 319 362 362 364 370 370 1051 1291 1533 1546 1576 1626 1626 2788 4825 6443 6705 6984 7305 7320 2788 12935 24351 28059 30403 32280 32577
4849 47470986 5 5 5 5 5 5 5 26 26 26 26 26 26 26 134 138 138 138 138 138 138 598 640 641 655 655 655 655 2219 2645 2802 2915 2938 2948 2948 5857 9999 11905 12855 13182 13321 13397 5857 26723 45269 53937 57605 59097 59877
2761 1633524 2 2 2 2 2 2 2 3 3 3 3 3 3 3 8 8 8 8 8 8 8 22 23 23 23 23 23 23 90 101 105 113 113 113 113 221 358 410 480 480 485 485 221 918 1520 1980 2019 2085 2086
6603 23333580 3 3 3 3 3 3 3 12 13 13 13 13 13 13 50 67 70 70 70 70 70 210 321 340 340 340 340 340 772 1391 1503 1508 1514 1526 1526 1973 5121 6222 6489 6581 6679 6708 1973 13636 23509 27187 28545 29259 29567
1189 60294515 7 7 7 7 7 7 7 27 27 27 27 27 27 27 180 181 181 181 181 181 181 769 812 832 832 838 838 838 2840 3339 3626 3713 3776 3788 3789 7436 12648 14993 16087 16695 16894 16956 7436 33359 56425 67247 72607 74716 75580
5027 7364628 5 5 5 5 5 5 5 9 9 9 9 9 9 9 30 30 30 30 30 30 30 103 104 110 111 111 111 111 347 372 403 412 429 429 429 904 1439 1754 1896 1993 1995 2006 904 3842 6818 8175 9015 9128 9248
1703 240917168 36 36 36 36 36 36 36 152 152 152 152 152 152 152 703 726 729 732 732 732 732 2994 3242 3290 3332 3370 3372 3372 11267 13623 14310 14715 15006 15072 15106 29773 51532 60138 64282 66496 67327 67732 29773 136410 227455 270160 290403 298989 302868
5881 17274893 1 1 1 1 1 1 1 7 7 7 7 7 7 7 34 34 34 34 34 34 40 160 164 164 164 165 166 217 648 713 779 780 792 801 1072 1714 2792 3428 3506 3603 3654 4965 1714 7285 12953 14485 15389 15861 21819
543 65543851 11 11 11 11 11 11 11 38 38 38 38 38 38 38 190 190 190 190 190 190 190 875 909 926 926 926 926 926 3397 3860 4085 4150 4163 4166 4181 8906 14420 16869 17852 18161 18323 18456 8906 38041 63389 74662 78994 80948 82064
1519 7942659 6 6 6 6 6 6 6 11 11 11 11 11 11 11 27 27 27 27 27 27 27 87 115 116 116 116 116 116 291 497 528 528 528 528 530 733 1885 2214 2267 2279 2280 2296 733 5029 8345 9349 9797 9908 10027
2913 9534229 3 3 3 3 3 3 3 10 10 10 10 10 10 10 35 35 35 35 35 35 35 138 140 140 140 141 141 141 530 569 599 599 622 622 622 1353 2049 2391 2485 2639 2655 2657 1353 5475 8987 10380 11605 11849 12006
8313 39940690 7 7 7 7 7 7 7 36 36 36 36 36 36 36 135 136 136 136 136 136 136 568 599 601 601 601 601 601 1975 2401 2493 2533 2541 2552 2553 5215 9016 10394 10909 11105 11244 11277 5215 23590 38877 45094 48058 49305 49855
7243 3889624 3 3 3 3 3 3 3 7 7 7 7 7 7 7 15 15 15 15 15 15 15 53 53 53 53 53 53 53 196 213 239 242 242 243 243 508 751 1029 1082 1085 1107 1107 508 1892 3790 4405 4627 4768 4829
6733 89385837 15 15 15 15 15 15 15 61 61 61 61 61 61 61 280 280 281 281 281 281 281 1100 1159 1220 1220 1221 1221 1221 4099 4800 5432 5515 5562 5572 5572 10810 18230 23048 24226 24936 25184 25238 10810 47864 86981 101304 108522 111363 112484
4587 30202709 3 3 3 3 3 3 3 21 21 21 21 21 21 21 106 108 108 108 108 108 108 405 427 436 436 436 436 436 1503 1772 1885 1900 1930 1933 1934 3909 6755 7906 8206 8448 8500 8518 3909 17951 30070 34770 37143 37863 38218
9649 5166707 3 3 3 3 3 3 3 5 5 5 5 5 5 5 19 19 19 19 19 19 19 76 78 79 79 79 79 79 289 323 344 350 350 351 351 732 1158 1357 1490 1514 1540 1540 732 2991 4921 6036 6369 6584 6606
6439 50878641 15 15 15 15 15 15 15 47 47 47 47 47 47 47 178 178 178 178 178 178 178 718 724 728 728 736 736 736 2814 3060 3180 3212 3319 3319 3323 7401 11225 12838 13447 14077 14149 14199 7401 29823 48942 56963 62114 63425 64037
3569 29515813 7 7 7 7 7 7 7 23 23 23 23 23 23 23 108 110 111 111 111 111 111 420 426 435 435 435 435 435 1614 1765 1853 1872 1889 1893 1896 4281 6637 7654 8039 8239 8318 8353 4281 17509 28756 33321 35553 36584 36982
3171 7205377 1 1 1 1 1 1 1 3 3 3 3 3 3 3 17 17 17 17 17 17 17 63 65 82 82 82 82 82 220 284 422 425 429 429 429 576 1082 1851 1963 2027 2030 2032 576 2802 6851 8228 8925 9051 9136
9447 20242548 3 3 3 3 3 3 3 17 17 17 17 17 17 17 70 70 70 70 70 70 70 300 305 313 314 314 314 314 1124 1272 1327 1362 1362 1362 1367 2953 4754 5412 5717 5765 5783 5828 2953 12413 20241 23628 24623 25078 25470
4693 128818759 12 12 12 12 12 12 12 66 66 66 66 66 66 66 367 368 368 375 375 375 375 1582 1630 1651 1735 1737 1737 1737 6044 6957 7373 7907 7948 7969 7987 15921 26102 30787 34638 35461 35788 36004 15921 69235 116889 146742 155924 159960 162053
8479 17309283 5 5 5 5 5 5 5 11 11 11 11 11 11 11 57 57 61 61 61 61 61 177 196 211 215 215 215 215 726 889 1011 1076 1079 1079 1079 1957 3440 4277 4698 4844 4868 4869 1957 9132 16234 19922 21265 21653 21773
4947 1752690 2 2 2 2 2 2 2 4 4 4 4 4 4 4 10 10 10 10 10 10 10 24 24 24 24 24 24 24 93 118 123 123 123 123 123 227 436 508 509 509 517 517 227 1141 1975 2099 2184 2235 2245
1627 657723091 81 89 89 89 89 89 89 391 438 438 438 438 438 438 1705 1986 2036 2038 2039 2040 2040 7325 8762 9124 9173 9226 9249 9262 27628 36610 39758 40697 41158 41401 41495 72613 137896 166006 177052 182082 184366 185339 72613 364424 626924 742225 793335 815754 825846
8609 45698190 4 4 4 4 4 4 4 39 39 39 39 39 39 39 157 162 162 162 162 162 162 630 659 668 669 669 669 669 2327 2629 2749 2803 2846 2859 2861 6188 9950 11581 12355 12745 12865 12896 6188 26291 43451 51386 55395 56734 57148
2903 20987717 4 4 4 4 4 4 4 21 21 21 21 21 21 21 82 82 82 82 82 82 82 286 295 297 297 308 308 308 966 1160 1244 1263 1385 1386 1386 2467 4343 5234 5476 6084 6125 6131 2467 11305 19486 22358 25804 26341 26581
9437 14127537 3 3 3 3 3 3 3 11 11 11 11 11 11 11 47 47 47 47 47 47 47 185 191 194 194 194 194 194 675 755 817 832 834 834 837 1835 2936 3620 3840 3911 3928 3974 1835 7943 13942 16263 17125 17486 17842
557 89846530 14 14 14 14 14 14 14 69 69 69 69 69 69 69 295 296 304 304 305 305 305 1207 1259 1311 1311 1337 1337 1337 4320 4975 5435 5518 5650 5657 5658 11438 18869 22850 24042 25096 25269 25328 11438 49806 85767 100078 108781 111338 112293
8629 19396785 4 4 4 4 4 4 4 12 12 12 12 12 12 12 73 73 73 73 73 73 73 281 283 284 284 284 284 284 1060 1166 1209 1260 1262 1262 1262 2777 4326 4989 5433 5479 5502 5503 2777 11218 18408 22327 23312 23813 24035
1359 26262932 7 7 7 7 7 7 7 26 26 26 26 26 26 26 93 93 93 93 93 93 93 412 422 423 423 423 423 423 1385 1593 1622 1643 1644 1644 1644 3676 6075 6803 7161 7272 7313 7343 3676 16095 25853 30086 31700 32346 32818
1551 6465217 3 3 3 3 3 3 3 8 8 8 8 8 8 8 19 19 19 19 19 19 19 98 99 99 99 100 100 100 338 403 421 424 439 439 439 887 1438 1661 1725 1840 1845 1853 887 3727 6044 6850 7612 7733 7866
9099 41546203 8 8 8 8 8 8 8 25 25 25 25 25 25 25 116 117 117 117 117 117 117 527 580 580 587 587 590 590 1926 2393 2458 2526 2549 2573 2573 5099 9256 10481 11187 11453 11641 11669 5099 24202 39324 46591 49501 51203 51779
2863 19031911 5 5 5 5 5 5 5 13 13 13 13 13 13 13 55 55 55 55 55 55 55 253 255 255 264 264 281 281 891 985 1026 1092 1095 1187 1191 2315 3683 4237 4767 4842 5293 5343 2315 9700 16154 20009 21290 23721 24055
5069 10096401 2 2 2 2 2 2 2 8 8 8 8 8 8 8 31 31 31 31 31 31 31 129 134 134 134 143 143 143 490 562 580 597 652 654 654 1307 2098 2373 2563 2900 2926 2927 1307 5498 8816 10599 12485 12771 12824
6869 3809122 2 2 2 2 2 2 2 5 5 5 5 5 5 5 10 10 10 10 10 10 10 56 62 62 62 62 62 62 192 239 242 252 252 252 252 558 929 1006 1103 1108 1137 1141 558 2434 3650 4446 4659 4829 4882
9401 62235854 8 8 8 8 8 8 8 37 37 37 37 37 37 37 186 191 191 191 191 191 191 810 863 871 871 872 872 872 3272 3743 3939 3953 3967 3991 3992 8562 13993 16392 17055 17353 17622 17671 8562 36712 61240 70848 75229 77710 78466
5451 258300424 45 45 45 45 45 45 45 180 180 180 180 180 180 180 778 785 787 787 787 787 787 3308 3487 3553 3578 3595 3602 3602 12426 14503 15438 15868 16127 16175 16186 32744 54892 65067 69670 72140 72805 73158 32744 143656 243108 289392 312402 320195 324273
7933 47526667 5 5 5 5 5 5 5 27 27 27 27 27 27 27 140 141 141 141 141 141 141 563 602 613 615 615 616 643 2176 2538 2699 2763 2770 2809 2917 5613 9569 11621 12365 12594 12847 13398 5613 25270 43665 51601 54583 56519 59474
1883 40519489 11 11 11 11 11 11 11 34 34 34 34 34 34 34 133 133 133 133 133 133 133 543 554 560 567 568 568 568 2058 2331 2430 2524 2560 2568 2568 5358 8657 9996 10842 11251 11395 11426 5358 22712 37436 45293 48911 50351 50841
9111 4259881 1 1 1 1 1 1 1 4 4 4 4 4 4 4 12 12 12 12 12 12 12 64 69 69 69 69 69 69 208 269 278 279 279 279 279 537 992 1116 1170 1202 1206 1208 537 2629 4210 4926 5277 5392 5425
7853 12230767 2 2 2 2 2 2 2 9 9 9 9 9 9 9 36 36 36 36 36 36 36 169 169 170 170 170 171 171 638 696 711 711 721 775 775 1633 2629 2986 3077 3154 3447 3467 1633 6825 11258 12785 13722 15361 15563
4327 38590525 10 10 10 10 10 10 10 41 41 41 41 41 41 41 145 145 145 145 145 145 145 527 549 553 553 564 564 564 1855 2195 2345 2392 2514 2516 2516 4784 8298 9898 10399 11066 11139 11150 4784 21576 36842 42773 47220 48275 48643
4311 7216031 1 1 1 1 1 1 1 5 5 5 5 5 5 5 28 28 28 28 28 28 28 90 92 92 92 92 92 96 341 402 440 457 458 458 483 869 1523 1841 2000 2027 2035 2158 869 4003 6789 8066 8454 8600 9162
2207 36779485 5 5 5 5 5 5 5 26 28 28 28 28 28 28 84 108 110 110 110 110 110 344 476 495 496 498 500 500 1269 1997 2203 2244 2287 2329 2329 3187 7279 9086 9637 9918 10157 10163 3187 19219 34209 40556 43689 45452 45740
1267 51655809 6 6 6 6 6 6 6 40 40 40 40 40 40 40 164 168 175 175 175 175 175 624 652 692 698 703 706 706 2417 2746 3017 3096 3141 3168 3168 6393 10326 12708 13574 14019 14270 14363 6393 27230 47996 57058 61425 63466 64393
7531 13341948 3 3 3 3 3 3 3 9 9 9 9 9 9 9 39 39 39 39 39 39 39 177 177 193 193 193 193 193 675 716 797 806 807 809 809 1808 2708 3368 3599 3683 3698 3706 1808 7116 12715 15287 16269 16580 16739
4811 142564142 15 15 15 15 15 15 15 100 100 100 104 104 104 104 444 449 451 481 481 481 481 1794 1910 1929 2077 2079 2080 2080 6698 7913 8174 9110 9154 9234 9242 17552 29647 33748 38931 39679 40346 40510 17552 77855 125787 161807 171466 177488 179536
8149 7272625 3 3 3 3 3 3 3 9 9 9 9 9 9 9 24 24 24 24 24 24 24 93 93 93 93 93 93 93 369 406 425 426 438 438 438 942 1567 1839 1914 1984 2001 2004 942 4047 6939 8060 8719 8947 9031
4297 2547456 2 2 2 2 2 2 2 4 4 4 4 4 4 4 17 17 17 17 17 17 17 46 46 46 46 46 46 46 159 184 190 190 190 190 190 371 645 728 742 746 748 755 371 1688 2699 3061 3216 3283 3315
6009 9347329 3 3 3 3 3 3 3 8 8 8 8 8 8 8 32 32 32 32 32 32 32 156 156 156 156 156 156 156 547 580 598 608 609 609 611 1389 2100 2428 2554 2596 2610 2637 1389 5490 9215 10767 11371 11605 11815
1309 32782747 3 3 3 3 3 3 3 30 30 30 30 30 30 30 121 121 121 121 121 121 121 466 474 474 480 485 485 485 1650 1867 1939 2025 2072 2076 2076 4291 7032 8104 8951 9337 9400 9452 4291 18414 29970 36884 39886 40773 41405
4987 83631916 9 9 9 9 9 9 9 39 39 39 39 39 39 39 235 236 238 239 239 239 239 1031 1069 1100 1132 1135 1136 1136 3907 4547 4881 5099 5125 5147 5154 10417 17314 20635 22535 22996 23316 23423 10417 45644 78086 94664 100585 103635 104719
2857 47793265 3 3 3 3 3 3 3 29 34 34 34 34 34 34 128 153 153 153 155 155 155 484 617 624 625 651 651 652 1706 2491 2660 2715 2846 2853 2859 4442 9375 11400 12143 12955 13135 13214 4442 24895 43805 51929 57436 59244 60046
5933 221358519 28 28 28 28 28 28 28 152 152 152 152 152 152 152 665 672 672 681 681 686 686 2878 3014 3053 3129 3139 3170 3170 10688 12335 13033 13731 13851 14052 14069 28048 46422 54528 59470 60825 62151 62445 28048 122399 205596 248837 264339 274527 278116
4953 56665855 6 6 6 6 6 6 6 34 34 34 34 34 34 34 170 179 179 179 179 179 179 707 758 768 770 773 773 773 2596 3120 3305 3387 3435 3450 3453 7070 11959 14006 14809 15335 15550 15654 7070 31698 53398 62162 67364 69512 70459
2023 45396302 5 5 5 5 5 5 5 39 39 39 39 39 39 39 160 160 160 160 160 160 160 608 624 641 641 641 641 641 2211 2584 2770 2807 2823 2828 2828 5844 9759 11470 12156 12461 12617 12644 5844 25678 43055 50979 54255 55971 56343
1091 19445101 2 2 2 2 2 2 2 13 13 13 13 13 13 13 56 56 56 56 56 56 56 250 274 276 283 283 283 283 863 1080 1126 1190 1194 1197 1197 2253 3961 4600 5158 5281 5364 5387 2253 10428 17587 21820 23280 23944 24259
2841 4970642 2 2 2 2 2 2 2 4 4 4 4 4 4 4 22 22 22 22 22 22 22 72 73 73 73 73 73 73 253 280 288 292 293 293 293 652 1032 1201 1319 1363 1399 1403 652 2661 4519 5460 5821 6135 6186
7457 6084529 1 1 1 1 1 1 1 7 7 7 7 7 7 7 24 24 24 24 24 24 24 87 89 89 89 89 89 89 338 369 384 384 391 391 391 855 1355 1555 1626 1712 1722 1723 855 3654 5818 6737 7423 7552 7629
981 32475294 6 6 6 6 6 6 6 27 27 27 27 27 27 27 89 89 89 90 90 90 90 388 397 398 424 424 424 424 1519 1805 1917 2053 2056 2056 2056 4053 6988 8187 9124 9275 9322 9331 4053 18000 30103 37562 39617 40335 40641
2067 28857775 3 3 3 3 3 3 3 18 18 18 18 18 18 18 84 86 86 86 86 86 86 373 415 417 418 418 419 419 1344 1702 1776 1801 1817 1835 1835 3664 6596 7676 7984 8208 8340 8356 3664 17349 28481 32605 35076 36244 36492
5541 11047718 1 1 1 1 1 1 1 4 4 4 4 4 4 4 30 30 30 30 30 30 30 124 137 137 137 137 137 137 507 593 630 667 668 677 680 1290 2124 2594 2851 2902 2995 3013 1290 5545 10039 12252 12902 13636 13830
7167 4299547 1 1 1 1 1 1 1 7 7 7 7 7 7 7 18 18 18 18 18 18 18 60 61 61 61 61 61 61 221 255 260 261 261 261 261 596 1023 1133 1166 1175 1185 1187 596 2707 4267 4914 5221 5340 5398
4537 30852584 5 5 5 5 5 5 5 22 22 22 22 22 22 22 109 109 109 109 109 109 109 430 438 442 442 447 447 447 1576 1829 1912 1922 1968 1969 1969 4060 6949 7938 8298 8649 8712 8726 4060 18214 29287 34389 37328 38197 38521
1587 370832836 50 50 50 50 50 50 50 252 252 252 252 252 252 252 1119 1146 1149 1152 1154 1154 1154 4722 5083 5150 5193 5243 5246 5246 17788 21270 22319 22788 23184 23292 23329 47218 80500 93580 99216 102550 103930 104437 47218 212631 353408 415248 446293 460290 465763
3473 227804213 25 25 25 25 25 25 25 148 148 148 148 148 148 148 679 687 689 691 693 693 693 2787 2917 2988 3025 3077 3079 3079 10603 12333 13229 13717 14114 14176 14194 27871 46702 55299 59872 62592 63338 63640 27871 122845 208339 250422 272783 280658 284209
9253 34126241 6 6 6 6 6 6 6 32 32 32 32 32 32 32 122 122 122 122 122 122 122 449 457 469 469 469 469 469 1652 1900 2014 2115 2118 2122 2146 4319 7066 8341 9212 9358 9420 9553 4319 18389 31524 38576 40806 41742 42646
8101 20812688 2 2 2 2 2 2 2 7 7 7 7 7 7 7 49 49 50 50 50 50 50 236 241 255 255 255 255 256 976 1144 1257 1286 1296 1300 1316 2541 4443 5248 5595 5674 5713 5831 2541 11899 19659 23574 24699 25355 26052
113 374859951 64 64 64 64 64 64 64 257 257 257 257 257 257 257 1118 1157 1159 1165 1165 1165 1165 4758 5071 5152 5238 5255 5255 5255 18125 21428 22582 23290 23568 23612 23632 48238 81206 94823 101476 104278 105092 105528 48238 214212 357582 425052 454346 465053 470132
9653 28301572 2 2 2 2 2 2 2 15 15 15 18 18 18 18 72 72 76 100 100 100 100 254 256 289 388 388 389 389 1069 1187 1354 1802 1807 1815 1815 2863 4510 5641 7805 7900 8007 8013 2863 12037 21262 32591 34216 35214 35451
759 178262946 25 25 25 25 25 25 25 124 124 124 124 124 124 124 534 540 540 549 549 549 549 2339 2449 2486 2560 2570 2570 2570 8652 10006 10609 11240 11338 11367 11384 22680 37324 43998 48265 49378 49857 50116 22680 98353 165884 202097 214931 220405 223489
8623 58652443 8 8 8 8 8 8 8 37 39 39 39 39 39 39 144 168 171 171 171 171 171 588 721 763 764 766 768 768 2262 3117 3562 3617 3668 3710 3710 5783 11439 14769 15590 15983 16254 16270 5783 30290 55875 65651 70313 72657 73171
7103 56056479 9 9 9 9 9 9 9 37 37 37 37 37 37 37 188 188 188 188 188 188 188 790 822 828 828 828 828 828 2917 3313 3472 3515 3524 3537 3538 7693 12449 14577 15337 15652 15864 15900 7693 32901 55060 64291 68079 70322 70962
8879 60384095 10 10 10 10 10 10 10 41 41 41 41 41 41 41 209 209 209 209 209 209 209 865 902 908 908 908 908 908 3208 3653 3813 3856 3865 3878 3879 8458 13657 15868 16667 16991 17205 17243 8458 35958 59636 69554 73581 75886 76581
7517 12415502 2 2 2 2 2 2 2 6 6 6 6 6 6 6 34 34 34 34 34 34 34 160 162 164 166 167 167 167 585 656 714 740 767 767 769 1496 2401 2971 3279 3448 3456 3477 1496 6384 11208 13855 15184 15474 15678
5379 64223568 5 5 5 5 5 5 5 42 42 42 42 42 42 42 201 201 201 201 201 201 201 901 914 916 917 917 924 924 3437 3822 3950 4005 4028 4077 4081 9072 14362 16585 17406 17700 17992 18078 9072 37974 62810 72991 77224 79736 80809
3059 13197266 3 3 3 3 3 3 3 8 8 8 8 8 8 8 34 36 36 36 36 36 36 167 185 192 192 192 192 192 671 772 812 818 818 818 824 1826 3078 3534 3669 3715 3746 3784 1826 8120 13283 15292 15991 16378 16665
2257 18055467 2 2 2 2 2 2 2 16 16 16 16 16 16 16 65 65 65 65 65 65 65 247 247 247 247 251 251 251 927 1043 1059 1067 1140 1147 1147 2449 3963 4399 4596 4991 5071 5081 2449 10390 16508 19119 21732 22375 22569
5389 29576334 5 5 5 5 5 5 5 20 20 20 20 20 20 20 100 100 100 100 100 100 100 443 459 462 464 464 464 468 1561 1808 1877 1920 1931 1931 1956 3959 6744 7689 8220 8415 8440 8581 3959 17623 28743 33855 35883 36448 37258
9849 249639903 32 32 32 32 32 32 32 158 158 158 158 158 158 158 787 789 795 795 795 795 795 3346 3494 3551 3566 3574 3579 3579 12330 14427 15259 15649 15793 15854 15875 32400 54353 63276 67498 69290 70131 70468 32400 142867 237171 281660 300888 309789 313725
2497 3534137 2 2 2 2 2 2 2 6 6 6 6 6 6 6 14 14 14 14 14 14 14 55 55 55 55 55 55 55 222 227 233 233 233 233 233 604 855 970 1030 1034 1035 1035 604 2257 3735 4425 4616 4640 4661
7477 6372218 2 2 2 2 2 2 2 5 5 5 5 5 5 5 18 18 18 18 18 18 18 82 89 89 89 89 89 89 315 358 362 379 380 386 386 810 1364 1566 1738 1786 1827 1829 810 3502 5807 7251 7847 8152 8182
437 149738527 21 21 21 21 21 21 21 91 92 92 92 92 92 92 442 451 451 451 451 451 451 1939 2058 2095 2102 2105 2106 2106 7399 8606 9122 9297 9343 9378 9387 19508 32733 38183 40605 41519 41934 42064 19508 86220 143857 170554 181298 186154 187831
1623 75937962 9 9 9 9 9 9 9 44 44 44 44 44 44 44 212 219 219 220 220 228 228 840 942 950 962 967 1024 1024 3262 4127 4311 4494 4558 4800 4800 8664 15341 17783 19309 19987 21342 21398 8664 40526 67153 80884 87055 94639 95607
2311 12812337 2 2 2 2 2 2 2 11 11 11 11 11 11 11 38 39 39 39 39 39 39 134 165 165 166 166 166 166 527 789 801 828 830 834 834 1345 2853 3168 3460 3510 3565 3575 1345 7537 11828 14447 15313 15845 15947
4877 75169818 6 6 6 6 6 6 6 34 34 34 34 34 34 34 205 205 205 205 205 205 205 950 984 1010 1027 1027 1028 1028 3780 4252 4574 4725 4759 4786 4793 10035 15815 18965 20376 20942 21272 21347 10035 41507 70683 83930 89889 93032 94139
2963 2454904 3 3 3 3 3 3 3 5 5 5 5 5 5 5 14 14 14 14 14 14 14 49 49 49 49 49 49 49 151 157 159 164 166 166 166 366 545 628 669 689 697 697 366 1460 2364 2791 2963 3034 3064
8551 6831951 1 1 1 1 1 1 1 6 6 6 6 6 6 6 25 25 25 25 25 25 25 110 113 114 114 114 114 114 399 428 442 444 447 447 447 1056 1592 1808 1855 1904 1925 1925 1056 4179 6645 7540 8176 8399 8433
2691 25000786 2 2 2 2 2 2 2 10 10 10 10 10 10 10 70 70 70 70 70 70 70 316 338 356 358 358 358 358 1204 1397 1565 1593 1607 1607 1607 3202 5205 6492 6857 7068 7101 7120 3202 13625 24312 28462 30455 31156 31408
1399 331651575 58 58 58 58 58 58 58 257 257 257 257 257 257 257 995 1004 1011 1012 1012 1012 1012 4338 4562 4667 4725 4757 4767 4768 16240 18915 20111 20652 20956 21050 21092 43155 71625 84506 89893 92635 93683 94092 43155 188392 317816 374487 401415 412819 417517
6471 3839015 1 1 1 1 1 1 1 4 4 4 4 4 4 4 18 18 18 18 18 18 18 62 67 67 67 67 67 67 205 262 263 265 265 265 265 542 991 1107 1136 1140 1141 1143 542 2685 4193 4697 4878 4922 4953
5537 34131372 5 5 5 5 5 5 5 23 23 23 23 23 23 23 111 111 111 113 113 113 113 435 457 459 488 488 488 488 1695 1999 2076 2256 2258 2260 2260 4468 7523 8548 9614 9752 9810 9819 4468 19723 31897 39782 41715 42620 42914
6427 49843588 7 7 7 7 7 7 7 30 30 30 30 30 30 30 140 143 143 143 143 143 143 662 695 704 704 705 705 705 2524 2945 3066 3113 3143 3150 3157 6609 11031 12606 13308 13641 13768 13843 6609 29237 47944 55909 59688 61347 62068
2883 66011429 10 10 10 10 10 10 10 39 39 39 39 39 39 39 206 208 208 208 208 208 208 870 902 917 928 928 930 943 3180 3692 3926 4099 4120 4147 4192 8307 13902 16535 17839 18225 18507 18800 8307 36534 62147 74305 78736 81446 83521
6301 6281380 2 2 2 2 2 2 2 6 6 6 6 6 6 6 19 19 19 19 19 19 19 91 91 93 93 93 93 93 340 359 387 389 389 389 389 911 1330 1656 1738 1743 1758 1779 911 3545 6403 7425 7610 7809 7942
3091 6327021 2 2 2 2 2 2 2 6 6 6 6 6 6 6 26 26 26 26 26 26 26 96 98 98 98 98 98 98 368 429 431 434 434 434 434 981 1566 1706 1826 1840 1850 1857 981 4032 6295 7467 7798 7968 8044
5303 64902036 6 6 6 6 6 6 6 30 30 30 30 30 30 30 164 170 178 179 179 179 179 778 834 895 911 911 911 911 2858 3430 3815 3962 3977 3978 3979 7596 13292 16410 17719 18034 18158 18206 7596 34968 61689 73639 77974 79873 80525
6421 2938023 1 1 1 1 1 1 1 3 3 3 3 3 3 3 16 16 16 16 16 16 16 36 37 37 37 37 37 37 134 163 172 172 173 173 173 351 651 755 799 811 813 813 351 1727 2866 3408 3599 3670 3680
3499 105030497 9 9 9 9 9 9 9 62 62 62 62 62 62 62 326 333 334 334 334 338 338 1372 1467 1487 1500 1504 1529 1529 5009 5905 6215 6410 6469 6617 6633 13279 22383 26084 27997 28712 29671 29820 13279 59003 98472 117098 124527 130974 132431
5113 52310621 2 2 2 2 2 2 2 22 22 22 22 22 22 22 139 139 139 139 139 139 139 651 681 701 713 713 714 714 2541 2918 3153 3268 3294 3316 3316 6720 10876 13037 14124 14509 14751 14775 6720 28534 48531 58220 62328 64510 65154
8413 71273234 8 8 8 8 8 8 8 44 44 44 44 44 44 44 211 218 218 218 218 218 218 898 970 972 986 987 987 987 3341 4019 4274 4411 4448 4459 4459 8801 15166 18089 19366 19851 20042 20124 8801 40256 68430 80858 86336 88615 89616
2917 8981966 3 3 3 3 3 3 3 6 6 6 6 6 6 6 18 18 18 18 18 18 18 88 111 111 111 111 111 111 373 520 527 540 540 540 541 1005 1974 2233 2424 2437 2442 2459 1005 5244 8493 10246 10760 10985 11222
3273 34347736 4 4 4 4 4 4 4 33 33 33 33 33 33 33 130 130 130 130 130 130 130 493 502 502 508 513 513 513 1734 1972 2044 2131 2178 2182 2182 4505 7421 8538 9403 9800 9866 9920 4505 19469 31612 38786 41887 42822 43484
5621 66316566 5 5 5 5 5 5 5 45 45 45 45 45 45 45 204 205 205 212 212 212 212 852 871 891 936 937 937 937 3337 3722 3934 4198 4243 4257 4274 8732 13643 16036 17868 18363 18599 18742 8732 35823 60207 74447 79310 81873 82998
5441 14683895 1 1 1 1 1 1 1 4 4 4 4 4 4 4 36 40 40 40 40 40 40 180 203 205 205 210 210 210 705 933 971 973 1001 1001 1001 1862 3374 3871 4017 4174 4196 4205 1862 8898 14530 16739 17955 18302 18520
9407 8609265 1 1 1 1 1 1 1 4 5 5 5 5 5 5 19 23 23 23 23 23 23 105 123 123 123 123 123 123 388 514 518 518 521 533 535 1043 1982 2203 2279 2321 2408 2426 1043 5232 8393 9673 10247 10813 10982
7877 40095408 3 3 3 3 3 3 3 25 25 25 25 25 25 25 134 134 134 134 134 134 134 517 537 546 549 549 549 549 1983 2280 2409 2471 2492 2506 2507 5385 8844 10344 11002 11262 11381 11417 5385 23265 38764 45832 48861 50188 50669
637 29324662 5 5 5 5 5 5 5 29 29 29 29 29 29 29 100 100 100 100 100 100 100 410 418 421 424 424 424 424 1545 1721 1793 1850 1861 1861 1861 4079 6417 7384 7938 8108 8178 8208 4079 16824 27621 33072 35131 35974 36434
1299 115858885 14 14 14 14 14 14 14 73 73 75 75 75 75 75 330 333 341 341 343 343 343 1428 1477 1524 1559 1575 1575 1575 5548 6386 6779 7128 7249 7256 7267 14652 24065 28533 31161 32126 32321 32436 14652 63200 107435 130971 140269 143398 145004
2111 26226692 3 3 3 3 3 3 3 15 15 15 15 15 15 15 68 68 68 68 68 68 68 305 318 319 328 335 335 335 1211 1413 1460 1525 1600 1604 1604 3182 5320 6106 6713 7159 7247 7284 3182 13914 23101 28079 31334 32335 32815
1731 56435982 10 10 10 10 10 10 10 45 45 45 45 45 45 45 202 203 203 203 203 203 203 783 816 822 822 827 828 828 2891 3372 3543 3562 3612 3623 3623 7480 12699 14652 15268 15731 15907 15960 7480 33288 54499 63300 67807 69766 70571
2269 22128180 2 2 2 2 2 2 2 20 20 20 20 20 20 20 81 81 81 81 81 81 81 299 304 304 304 306 306 306 1179 1334 1379 1400 1422 1422 1447 3111 4909 5592 5891 6147 6156 6333 3111 12912 20926 24550 26654 27095 28072
9557 23110000 1 1 1 1 1 1 1 5 5 5 5 5 5 5 50 53 53 53 53 53 53 233 266 304 304 304 304 304 909 1146 1336 1358 1364 1369 1374 2396 4235 5714 6142 6269 6387 6449 2396 11091 21829 25966 27509 28540 29105
6577 46110080 6 6 6 6 6 6 6 28 29 29 29 29 29 29 132 144 144 144 144 144 144 564 655 675 680 681 681 681 2024 2583 2808 2890 2908 2915 2915 5216 9523 11551 12488 12737 12881 12904 5216 24969 43555 52471 55728 57210 57820
4033 47816147 10 10 10 10 10 10 10 35 35 35 35 35 35 35 161 161 161 161 161 161 161 668 671 715 729 729 729 729 2493 2749 3050 3135 3162 3163 3164 6571 10300 12606 13398 13710 13783 13814 6571 27022 47224 55580 58841 60093 60579
9829 27653745 4 4 4 4 4 4 4 20 20 20 20 20 20 20 88 91 91 91 91 91 91 299 329 337 337 343 343 343 1153 1450 1556 1594 1630 1633 1633 3029 5593 6870 7357 7665 7729 7734 3029 14733 25857 30790 33481 34350 34522
3921 9629684 1 1 1 1 1 1 1 8 8 8 8 8 8 8 31 31 31 31 31 31 31 139 139 139 141 148 148 148 515 559 565 582 609 609 609 1357 2143 2366 2519 2700 2723 2728 1357 5656 8970 10691 11941 12285 12336
4183 30325314 6 6 6 6 6 6 6 25 25 25 25 25 25 25 96 96 96 96 96 96 96 421 435 438 447 447 447 447 1564 1763 1833 1886 1893 1902 1902 4041 6486 7674 8223 8427 8536 8573 4041 17074 28858 34336 36368 37367 37812
5009 5891528 3 3 3 3 3 3 3 7 7 7 7 7 7 7 21 21 21 21 21 21 21 82 83 83 83 83 83 83 327 358 365 366 366 367 367 912 1421 1584 1653 1686 1710 1711 912 3712 5826 6641 7031 7255 7301
2469 19678026 2 2 2 2 2 2 2 15 15 15 15 15 15 15 75 75 75 75 75 75 75 280 281 287 287 287 287 287 1100 1197 1265 1279 1279 1290 1290 2880 4387 5111 5425 5489 5580 5591 2880 11727 19345 22717 23764 24630 24827
3247 21583650 5 5 5 5 5 5 5 16 16 16 16 16 16 16 68 68 74 74 74 74 74 259 285 317 317 317 317 317 905 1111 1390 1399 1405 1409 1409 2417 4123 5723 5941 6057 6102 6115 2417 10782 21644 24561 25928 26567 26827
3049 19253509 6 6 6 6 6 6 6 22 22 22 22 22 22 22 62 62 62 62 62 62 62 254 258 262 265 266 266 266 984 1129 1184 1250 1261 1261 1263 2589 4103 4919 5417 5528 5548 5589 2589 10875 18707 22751 23941 24299 24696
2807 36261244 8 8 8 8 8 8 8 28 28 28 28 28 28 28 106 106 106 106 106 106 106 454 490 492 493 497 497 497 1742 2108 2186 2209 2275 2289 2299 4582 7957 9177 9687 10141 10291 10365 4582 21158 34382 40099 43810 45258 45933
5761 422864 1 1 1 1 1 1 1 2 2 2 2 2 2 2 5 5 5 5 5 5 5 12 12 12 12 12 12 12 34 34 34 34 34 34 34 80 121 128 128 129 129 129 80 315 468 491 513 522 530
2739 10900218 3 3 3 3 3 3 3 10 10 10 10 10 10 10 42 42 42 42 42 42 42 137 142 146 146 146 146 146 532 611 680 690 690 691 691 1415 2218 2838 3002 3031 3067 3067 1415 5789 10497 12361 13115 13485 13549
6587 66786220 11 11 11 11 11 11 11 43 43 43 43 43 43 43 197 198 198 198 198 198 198 880 927 933 934 934 934 934 3363 3856 4083 4156 4162 4169 4170 8899 14315 16963 18125 18410 18632 18671 8899 37936 64225 76337 80475 82833 83505
5589 19662956 2 2 2 2 2 2 2 11 11 11 11 11 11 11 73 73 73 73 73 73 73 291 307 307 307 307 307 307 1042 1191 1216 1251 1257 1258 1258 2725 4500 5138 5497 5598 5662 5677 2725 11878 19175 22483 23843 24510 24758
6307 7663727 1 1 1 1 1 1 1 6 6 6 6 6 6 6 26 26 26 26 26 26 26 112 112 112 112 112 112 112 448 481 501 503 515 516 516 1182 1794 2010 2082 2189 2209 2218 1182 4707 7512 8502 9347 9606 9751
1881 7095650 3 3 3 3 3 3 3 8 8 8 8 8 8 8 21 21 21 21 21 21 21 78 78 95 95 95 95 95 282 299 401 403 404 411 411 716 1172 1817 1876 1896 1947 1955 716 3060 6647 7724 8201 8626 8725
9927 46231171 4 4 4 4 4 4 4 22 22 22 22 22 22 22 136 137 137 137 137 137 137 543 572 584 587 591 594 594 2161 2524 2676 2719 2739 2762 2762 5797 9657 11659 12341 12694 12963 12987 5797 25457 44537 52234 55537 57833 58233
2209 46854058 7 7 7 7 7 7 7 30 30 30 30 30 30 30 148 148 148 148 148 148 148 609 627 639 649 649 649 649 2284 2598 2802 2899 2901 2905 2905 5974 9811 11866 12693 12892 13011 13043 5974 25807 45244 53745 56981 58354 58825
4153 150600306 21 21 21 21 21 21 21 90 90 90 90 90 90 90 451 452 456 456 462 462 462 1824 1900 1954 1979 2024 2026 2026 7095 8149 8700 8935 9290 9343 9345 18504 30638 36590 39041 41272 41812 41929 18504 81631 139361 164341 180799 186728 188657
1171 4943933 3 3 3 3 3 3 3 8 8 8 8 8 8 8 25 25 25 25 25 25 25 82 82 82 82 82 82 82 292 326 347 348 348 348 348 767 1215 1400 1435 1444 1444 1445 767 3159 5287 5976 6229 6315 6357
4783 26489364 5 5 5 5 5 5 5 19 19 19 19 19 19 19 82 82 82 82 82 82 82 373 373 384 386 387 387 387 1420 1542 1652 1674 1692 1701 1701 3688 5716 6758 7138 7408 7497 7522 3688 15149 25673 29799 32312 33175 33510
873 505793796 70 72 72 72 72 72 72 330 347 347 347 347 347 347 1401 1515 1558 1560 1560 1561 1561 6002 6704 6971 7015 7038 7061 7074 22798 28148 30452 31206 31463 31705 31799 60081 105922 127123 135731 139257 141292 142131 60081 279944 480570 569642 607583 626049 634269
1127 41027566 6 6 6 6 6 6 6 39 39 39 39 39 39 39 138 138 138 138 138 138 138 576 583 592 592 593 593 593 2226 2441 2576 2598 2624 2631 2631 5769 9116 10614 11126 11387 11509 11541 5769 24087 39930 46464 49612 50886 51325
6201 366122315 24 24 24 46 46 46 46 118 118 119 245 245 245 245 560 563 569 1104 1104 1104 1104 2367 2538 2619 5117 5126 5142 5143 8997 10699 11504 22829 23058 23272 23295 23596 40113 47902 99282 101848 103520 103891 23596 105862 180794 413681 440565 455305 460139
9243 36440689 3 3 3 3 3 3 3 16 16 16 16 16 16 16 105 105 105 105 105 105 105 490 504 508 510 510 510 510 1853 2139 2299 2355 2379 2381 2381 4798 7970 9584 10228 10463 10510 10527 4798 20991 36118 42841 45219 46124 46415
9931 7973378 2 2 2 2 2 2 2 6 6 6 6 6 6 6 23 23 23 23 23 23 23 88 92 93 93 93 93 93 371 424 467 492 499 502 502 953 1549 1904 2096 2151 2175 2178 953 4157 7228 8890 9547 9783 9847
4073 65465636 13 13 13 13 13 13 13 53 53 53 53 53 53 53 214 214 214 220 220 220 220 912 927 939 971 971 971 971 3330 3701 3889 4153 4171 4185 4199 8706 13444 15750 17471 17825 18051 18203 8706 35440 59862 73803 78093 80252 81666
6303 239729720 30 30 30 30 30 30 30 155 155 155 155 155 155 155 750 752 758 758 758 758 758 3180 3321 3378 3393 3401 3406 3406 11756 13806 14612 15000 15144 15200 15221 30885 51976 60527 64692 66436 67235 67571 30885 136483 226833 270036 288485 297003 300889
7177 96820787 19 19 19 19 19 19 19 66 66 66 66 66 66 66 286 286 292 292 292 292 292 1276 1324 1384 1384 1397 1397 1397 4829 5480 5969 6059 6193 6215 6216 12500 20460 24547 25872 26975 27280 27387 12500 53892 92046 107577 116596 120050 121600
317 206189273 28 28 28 28 28 28 28 126 126 126 126 126 126 126 636 637 641 641 647 647 647 2619 2719 2779 2807 2855 2857 2857 10017 11412 12090 12386 12810 12867 12869 26141 42860 50476 53723 56641 57267 57450 26141 114065 191915 226188 248231 255633 258365
5883 69308309 5 5 5 5 5 5 5 31 31 32 32 32 32 32 194 195 208 208 208 208 208 802 830 931 940 941 942 942 3085 3527 4187 4314 4366 4379 4387 8093 13107 17307 18563 19114 19278 19371 8093 34577 65066 77335 83182 85310 86451
2369 77353159 9 9 9 9 9 9 9 39 39 39 39 39 39 39 197 201 206 208 208 208 208 868 956 1015 1047 1047 1047 1047 3276 4106 4624 4826 4856 4863 4866 8693 15372 19336 20976 21479 21632 21701 8693 40606 73505 88592 94562 96782 97691
4453 50116399 8 8 8 8 8 8 8 30 30 30 30 30 30 30 165 165 165 166 166 172 172 607 646 648 664 666 691 691 2294 2711 2829 2965 2997 3130 3131 6048 10304 11795 12960 13255 13928 13978 6048 27236 44717 54616 57971 61735 62599
1039 80573409 13 13 13 13 13 13 13 53 53 53 53 53 53 53 225 228 228 228 230 230 230 971 1013 1020 1045 1060 1060 1060 3854 4448 4626 4891 5005 5012 5023 10217 16837 19629 21560 22323 22496 22571 10217 44267 73653 90513 97365 99709 100836
8999 52460065 5 5 6 6 6 6 6 21 21 29 29 29 29 29 129 129 163 163 163 163 163 520 549 737 738 738 738 738 1993 2388 3283 3334 3351 3355 3369 5213 8842 13533 14211 14462 14578 14713 5213 23430 51496 59973 63765 65212 66266
7619 15366186 2 2 2 2 2 2 2 16 16 16 16 16 16 16 55 55 55 55 55 55 55 186 187 201 201 205 205 205 693 809 901 923 973 974 975 1886 3141 3827 4031 4307 4333 4360 1886 8228 14491 16941 18814 19267 19458
167 475321033 55 55 55 55 55 56 56 263 268 283 283 283 300 300 1262 1299 1383 1383 1385 1499 1499 5233 5606 6106 6136 6166 6689 6690 19642 23247 26650 27203 27574 30091 30133 51557 86858 111087 118026 121878 133528 134196 51557 229038 418076 493151 529812 589791 597234
4817 96657655 5 5 5 5 5 5 5 38 38 38 38 38 38 38 288 289 294 294 294 294 294 1199 1234 1301 1310 1312 1315 1315 4675 5319 5830 5970 6008 6034 6061 12312 19755 24098 25716 26323 26650 26868 12312 52341 91495 108500 115316 118728 120529
4233 443290135 62 62 62 62 62 62 62 257 257 257 258 258 258 258 1195 1212 1236 1256 1256 1256 1256 5298 5624 5872 6045 6071 6088 6097 20308 24049 26214 27363 27644 27768 27862 53762 90879 109930 119000 122096 123381 124217 53762 239730 415763 499839 533502 548055 555421
311 55101174 6 6 6 6 6 6 6 41 41 41 41 41 41 41 192 198 198 198 198 198 198 716 799 810 810 810 810 810 2597 3265 3463 3501 3505 3509 3513 6772 12249 14397 15102 15411 15499 15571 6772 32358 54344 62934 66780 68380 69186
121 30938344 9 9 9 9 9 9 9 28 28 28 28 28 28 28 103 103 103 103 103 103 103 401 422 434 435 437 437 437 1507 1756 1892 1921 1965 1968 1968 3952 6567 7983 8420 8696 8732 8750 3952 17362 30244 35598 38069 38666 39059
8807 14445062 1 1 1 1 1 1 1 3 3 3 3 3 3 3 22 22 22 22 22 22 22 140 141 173 173 173 173 173 560 625 841 855 868 872 873 1463 2321 3545 3754 3928 4011 4025 1463 6126 13190 15595 17073 17703 17925
#resid 4854948 4852609 4852374 4851746 4858305
