# q=5 mode=cycq roots=300 cp_lo=4 cp_hi=8 buf_lo=9 buf_hi=13 seed=2026
# root nvisited then n_cp*n_buf cumulative counts N(val<=cp[ci], pmax<=buf[bi]) row-major ci,bi
1077 427790827 997 1006 1007 1013 1013 4372 4457 4477 4532 4535 19705 20534 20799 21186 21233 84947 93025 96303 99052 99865 325053 399681 433779 456493 466267
1699 5567471 10 14 14 14 14 41 66 66 66 66 168 280 280 280 280 722 1305 1322 1325 1332 2831 5559 5893 6007 6113
303 10924842 28 28 28 28 28 110 110 110 110 110 471 492 492 495 498 2129 2378 2444 2498 2557 8086 10291 11033 11584 11989
9511 3280972 10 10 10 10 10 31 31 31 31 31 147 148 148 148 148 694 727 737 745 745 2767 3265 3449 3550 3600
2921 1375396 6 6 6 6 6 17 17 17 17 17 81 81 81 81 81 283 305 305 308 320 1125 1343 1419 1484 1550
9989 166745 2 2 2 2 2 7 7 7 7 7 17 17 17 17 17 59 59 59 59 59 175 206 211 211 211
9469 965525 3 3 3 3 3 17 17 17 17 17 54 54 54 54 54 250 257 262 262 262 835 954 1023 1027 1042
881 77952995 154 154 154 154 154 798 805 808 809 809 3684 3793 3911 3942 3964 15594 16883 17903 18323 18566 59226 72010 80268 84137 86133
3817 455062 3 3 3 3 3 7 7 7 7 7 25 25 25 25 25 122 122 122 122 122 422 467 496 509 509
6823 4643992 4 4 4 4 4 40 40 40 40 40 205 206 206 206 206 904 970 991 1000 1013 3417 4224 4556 4738 4850
5489 61706 1 1 1 1 1 2 2 2 2 2 8 8 8 8 8 27 27 27 27 27 77 87 89 89 89
4229 1370555 2 2 2 2 2 16 16 16 16 16 70 70 70 70 70 324 341 348 348 349 1163 1369 1487 1516 1534
9383 1335805 3 3 3 3 3 17 17 17 18 18 61 61 61 67 67 220 220 220 277 282 885 1002 1073 1369 1416
1931 512336 2 2 2 2 2 7 7 7 7 7 23 23 23 23 23 84 89 92 96 99 359 417 491 525 582
4409 2693827 6 6 6 6 6 43 43 43 43 43 161 161 161 161 161 660 685 688 689 691 2394 2751 2869 2950 3008
3647 1060536 2 2 2 2 2 19 19 19 19 19 69 69 69 69 69 263 267 268 268 268 1028 1156 1208 1216 1235
9637 96102 2 2 2 2 2 4 4 4 4 4 11 11 11 11 11 33 35 35 36 36 107 124 124 131 131
9697 3673028 2 2 2 2 2 31 31 31 31 31 151 152 160 160 160 702 740 810 814 827 2734 3217 3682 3760 3946
8649 3922226 9 9 9 9 9 32 34 34 34 34 151 174 174 174 174 709 881 908 910 919 2667 3726 4040 4146 4244
2967 2053287 7 7 7 7 7 20 20 20 20 20 105 105 105 108 108 423 436 440 478 488 1584 1870 1964 2218 2291
1657 11759988 16 16 16 16 16 106 106 106 106 106 523 523 554 554 554 2286 2392 2665 2674 2686 8818 10565 12374 12674 12862
4433 1098758 3 3 3 3 3 9 9 9 9 9 43 43 43 43 43 241 250 263 263 263 877 1024 1154 1171 1189
7777 371977 2 2 2 2 2 5 5 5 5 5 21 21 21 21 21 70 71 71 71 71 242 314 325 335 337
943 4519885 8 8 8 8 8 59 59 59 59 59 246 250 256 257 257 919 997 1068 1089 1092 3451 4262 4744 4933 5032
6521 1188662 4 4 4 4 4 14 14 14 14 14 56 64 64 64 64 213 279 293 294 295 761 1157 1237 1278 1303
2081 14228901 12 12 12 12 12 122 122 122 122 122 631 640 643 645 645 2740 2932 3096 3179 3200 10599 12692 14284 15218 15469
9753 4763693 8 8 8 8 8 43 43 43 43 43 219 219 221 221 221 961 987 1025 1063 1072 3758 4291 4764 5074 5171
1069 964029 2 2 2 2 2 15 15 15 15 15 56 56 56 56 56 252 260 266 266 266 893 1028 1082 1105 1113
653 1352529 5 5 5 5 5 17 17 17 17 17 67 70 70 70 70 281 317 317 317 318 1045 1363 1421 1446 1490
1573 3383466 12 12 12 12 12 50 50 50 50 50 172 178 180 181 181 670 738 836 848 848 2404 3006 3671 3791 3798
7977 1895391 5 5 5 5 5 15 15 15 15 15 88 88 88 89 89 356 376 389 411 414 1360 1653 1769 1947 1981
4823 5137846 16 16 16 16 16 69 69 69 69 69 261 284 284 284 284 1043 1188 1210 1231 1233 3915 4931 5373 5555 5643
2579 735153 5 5 5 5 5 13 13 13 13 13 41 41 41 41 41 188 200 201 201 201 681 830 859 868 874
9889 9092486 21 21 21 21 21 88 88 88 88 88 461 462 463 468 468 1904 2011 2042 2122 2132 7209 8531 9132 9814 9995
8811 352514 2 2 2 2 2 5 5 5 5 5 18 18 18 18 18 71 73 74 74 74 288 340 369 379 379
1491 1261636 7 7 7 7 7 22 22 22 22 22 79 79 79 79 79 303 309 309 309 312 1192 1344 1372 1391 1468
1079 15192939 28 29 29 29 29 137 164 164 164 164 624 764 777 777 777 2694 3481 3595 3612 3649 10157 14424 15804 16383 16655
3649 3286550 5 5 5 5 5 45 45 45 45 45 163 163 163 163 163 746 763 782 787 787 2831 3220 3441 3526 3579
7071 5075878 5 5 5 5 5 42 42 42 42 42 226 226 243 243 243 943 992 1092 1124 1125 3618 4325 5083 5315 5385
3721 1185617 5 5 5 5 5 14 14 14 14 14 73 73 73 73 73 269 274 274 281 282 975 1082 1146 1207 1239
4049 148745 2 2 2 2 2 3 3 3 3 3 10 10 10 10 10 33 33 33 33 33 135 137 146 149 149
3927 742851 4 4 4 4 4 9 9 9 9 9 32 32 32 32 32 140 159 159 175 175 534 664 697 793 800
109 4298484 9 9 9 9 9 43 43 43 43 43 180 180 187 187 187 869 919 1002 1002 1002 3399 4023 4590 4670 4731
8309 577663 2 2 2 2 2 11 11 11 11 11 32 32 32 32 32 131 139 139 139 139 506 593 618 624 624
8129 128763 1 1 1 1 1 3 3 3 3 3 9 9 9 9 9 33 33 33 33 33 112 120 120 134 134
7069 5863787 10 10 10 10 10 69 69 69 69 69 277 277 278 285 285 1246 1291 1329 1360 1362 4730 5391 5856 6157 6249
1401 39799925 78 78 78 78 78 401 411 412 412 412 1836 1938 1992 1995 2004 7737 8584 9082 9156 9244 29277 36916 41147 42633 43476
2793 223741 2 2 2 2 2 5 5 5 5 5 14 14 14 14 14 48 48 50 50 50 172 183 222 237 238
9041 422671 1 1 1 1 1 5 5 5 5 5 16 16 16 16 16 70 79 79 79 79 318 393 400 408 414
377 4458780 8 8 8 8 8 49 49 49 49 49 219 220 226 226 226 1004 1080 1119 1127 1128 3766 4401 4777 4924 4974
219 4808216 7 7 7 7 7 48 48 48 48 48 223 236 236 236 236 940 1066 1077 1089 1090 3444 4530 4801 4986 5032
6749 2991913 10 10 10 10 10 33 33 33 33 33 157 163 163 163 163 614 697 704 718 723 2317 2957 3120 3242 3311
4341 1073893 7 7 7 7 7 20 20 20 20 20 60 60 62 62 62 227 232 265 266 266 903 992 1205 1216 1232
5053 5038261 14 14 14 14 14 70 70 70 70 70 269 282 289 289 289 1024 1119 1202 1206 1212 3941 4823 5385 5496 5619
4001 3898738 14 14 14 14 14 55 55 55 55 55 213 216 216 216 216 880 938 942 947 951 3223 3862 4056 4230 4301
8597 307945 1 1 1 1 1 3 5 5 5 5 6 17 17 17 17 13 61 62 62 62 36 289 311 318 318
5583 364702 3 3 3 3 3 8 8 8 8 8 20 20 20 20 20 83 84 84 85 85 287 317 338 352 357
9399 2601659 2 2 2 2 2 25 25 25 25 25 105 110 110 110 110 523 586 598 615 616 1995 2514 2684 2880 2935
9441 342487 1 1 1 1 1 3 3 3 3 3 17 17 17 17 17 59 62 62 63 70 246 272 272 284 347
357 861910 4 4 4 4 4 8 8 8 8 8 36 36 36 36 36 189 194 194 194 194 752 827 877 896 896
3471 202714 1 1 1 1 1 3 3 3 3 3 13 13 13 13 13 45 45 45 45 45 178 207 211 216 223
287 102119330 209 211 211 211 211 925 1013 1022 1031 1031 4120 4729 4796 4859 4872 17412 21451 22409 22974 23311 66595 92615 101811 106884 110077
1483 5149191 10 10 10 10 10 46 46 46 46 46 223 223 225 225 225 1067 1092 1144 1163 1169 4016 4636 5087 5393 5478
4203 3687975 1 1 1 1 1 27 27 27 27 27 163 174 175 175 175 759 803 850 850 850 2938 3531 3984 4053 4069
8199 1424179 2 2 2 2 2 13 13 13 13 13 74 74 74 74 74 297 303 311 311 311 1130 1281 1417 1447 1464
3017 527973 2 2 2 2 2 9 9 9 9 9 29 30 30 30 30 100 124 126 126 126 345 504 540 542 569
8673 660629 4 4 4 4 4 12 12 12 12 12 30 30 30 30 30 131 133 138 138 138 525 622 681 687 697
9217 394804 1 1 1 1 1 3 3 3 3 3 20 20 20 20 20 96 96 96 106 106 375 391 393 455 458
3799 2032380 6 6 6 6 6 30 30 30 30 30 100 100 100 100 100 485 498 503 503 503 1808 2009 2142 2198 2245
481 6101819 22 22 22 22 22 77 77 77 77 77 328 330 330 330 330 1402 1460 1483 1491 1496 5341 6150 6497 6730 6781
9669 3167378 6 6 6 6 6 31 31 31 31 31 182 182 183 186 186 747 758 771 792 792 2786 3201 3385 3520 3534
8521 824656 1 1 1 1 1 7 7 7 7 7 25 25 25 25 25 150 153 155 159 169 636 761 799 832 933
4429 330661 2 2 2 2 2 6 6 6 6 6 22 22 22 22 22 85 86 86 86 86 296 322 324 328 331
679 1876676 5 5 5 5 5 17 17 17 17 17 96 96 96 96 96 385 427 437 438 440 1448 1835 1962 1978 2007
1043 2005522 6 6 6 6 6 14 14 14 14 14 75 105 105 105 105 271 434 452 455 455 1053 1869 2047 2098 2117
8687 658835 2 2 2 2 2 9 9 9 9 9 25 25 26 26 26 95 104 124 126 126 411 546 653 673 681
687 72867561 175 175 175 175 175 756 771 771 773 773 3620 3820 3827 3846 3848 14854 16436 16803 17091 17171 56828 70711 75893 78948 80141
2021 1106144 5 5 5 5 5 12 12 12 12 12 43 49 50 50 50 151 203 216 216 220 514 904 1048 1078 1131
8009 91359 1 1 1 1 1 3 3 3 3 3 10 10 10 10 10 35 35 35 35 35 116 116 120 120 120
5183 3677692 3 3 3 3 3 33 33 33 33 33 157 159 163 163 163 703 745 805 818 820 2734 3226 3733 3898 3962
5891 341288 2 2 2 2 2 4 4 4 4 4 21 21 21 21 21 92 100 102 102 102 310 367 385 389 398
5823 9227320 16 16 16 16 16 87 90 90 90 90 379 406 408 408 415 1655 1948 1995 2030 2070 6388 8656 9265 9770 10076
2697 27001164 51 51 51 51 51 273 273 275 275 275 1260 1309 1353 1361 1362 5529 5950 6286 6379 6427 20974 25508 28446 29283 29870
7277 2178805 5 5 5 5 5 30 30 30 30 30 130 130 130 130 130 532 546 546 552 552 1995 2237 2298 2373 2396
797 8827733 26 26 26 26 26 109 110 110 111 111 429 451 454 465 465 1783 1980 2023 2080 2093 6691 8425 9042 9476 9615
9661 3135485 3 3 3 3 3 27 27 27 27 27 157 157 160 160 160 648 669 691 698 698 2558 3011 3303 3388 3408
7801 28614442 62 62 62 62 62 293 302 302 302 302 1328 1385 1389 1389 1389 5908 6396 6605 6665 6702 22762 27392 29865 30725 31344
6517 414950 1 1 1 1 1 8 8 8 8 8 21 23 23 23 23 68 101 101 105 105 230 394 420 465 466
927 41459102 90 90 90 90 90 425 438 447 447 447 1738 1863 1952 1961 1963 7509 8569 9280 9444 9506 28655 36689 42017 44026 44915
7951 505997 2 2 2 2 2 4 4 4 4 4 26 26 26 26 26 102 102 103 103 104 452 501 536 542 555
1763 6967037 7 7 7 7 7 59 59 59 59 59 336 336 336 345 345 1492 1547 1564 1647 1649 5678 6567 6929 7437 7506
2387 2459634 8 8 8 8 8 23 23 23 23 23 113 114 114 114 114 464 498 503 505 523 1848 2212 2359 2461 2629
3353 1729487 8 8 8 8 8 18 18 18 18 18 71 84 84 84 84 318 404 408 410 410 1204 1733 1806 1860 1867
4071 1266413 3 3 3 3 3 15 15 15 15 15 68 69 70 70 70 244 278 299 299 299 985 1193 1350 1363 1394
9161 68113 1 1 1 1 1 2 2 2 2 2 5 5 5 5 5 16 17 17 17 17 64 77 88 88 88
2439 1041151 4 4 4 4 4 10 10 10 10 10 47 47 47 47 47 213 223 226 226 226 837 1005 1086 1103 1105
1729 12421176 27 27 27 27 27 126 126 127 127 127 573 574 588 594 594 2485 2598 2746 2798 2801 9581 11394 12800 13455 13545
9419 141629 1 1 1 1 1 3 3 3 3 3 11 11 11 11 11 35 35 35 35 36 133 139 143 143 151
6369 2843936 5 5 5 5 5 23 23 23 23 23 116 118 119 119 119 596 641 664 665 665 2203 2712 2953 3028 3058
8627 90747 2 2 2 2 2 3 3 3 3 3 7 7 7 7 7 17 21 21 21 21 51 79 88 93 93
7001 8017259 12 12 12 12 12 71 72 72 72 72 365 380 380 380 380 1610 1766 1798 1801 1807 6215 7758 8397 8543 8669
1819 1893897 4 4 4 4 4 20 20 20 20 20 108 108 108 108 108 467 467 478 484 484 1824 1980 2077 2131 2150
7831 1680507 5 5 5 5 5 14 15 15 15 15 71 87 89 91 91 294 378 398 414 419 1074 1543 1685 1775 1847
457 5312117 12 12 12 12 12 52 52 52 52 52 237 242 242 242 253 985 1053 1085 1101 1164 3845 4676 5098 5329 5784
8001 3298206 7 7 7 7 7 41 41 41 41 41 155 170 170 174 174 633 742 754 771 779 2359 3221 3407 3533 3631
8233 2059393 8 8 8 8 8 30 30 30 30 30 110 110 111 111 111 485 491 512 512 512 1783 2015 2214 2292 2304
9781 1449459 5 5 5 5 5 15 15 15 15 15 77 77 77 77 77 303 314 314 334 334 1140 1298 1336 1510 1519
5717 117944 1 1 1 1 1 4 4 4 4 4 15 15 15 15 15 37 37 37 37 37 126 127 127 129 129
6743 5069290 8 8 8 8 8 33 33 33 33 33 181 183 200 204 204 841 857 988 1084 1093 3395 3956 4738 5364 5471
9087 284220 1 1 1 1 1 3 3 3 3 3 7 7 8 8 8 55 60 72 72 72 188 233 291 292 292
7451 4095614 8 8 8 8 8 45 45 45 45 45 209 210 210 210 210 881 906 915 918 918 3514 4138 4337 4465 4526
8377 2423052 4 4 4 4 4 24 24 24 24 24 88 93 93 93 93 439 517 522 529 529 1656 2216 2393 2514 2544
8013 1486184 2 2 2 2 2 10 10 10 10 10 73 78 78 78 78 280 353 353 353 353 1103 1641 1692 1697 1709
819 325681 3 3 3 3 3 9 9 9 9 9 22 22 22 22 22 76 76 76 78 78 266 280 290 316 319
8003 2429921 1 1 1 1 1 11 11 11 11 11 106 106 128 128 128 433 469 556 557 557 1526 2008 2523 2587 2611
389 79187201 172 172 172 172 172 791 804 814 814 814 3725 3885 3952 3972 3974 16029 17555 18289 18688 18796 60540 74620 81428 85237 86716
6349 5797504 11 11 11 11 11 52 52 52 52 52 240 246 247 247 249 1157 1277 1312 1312 1324 4495 5568 5989 6112 6232
5997 1668975 1 1 1 1 1 10 10 10 10 10 69 69 69 69 69 342 362 363 363 364 1423 1649 1704 1750 1784
6319 19705306 25 25 25 25 25 159 161 161 165 165 872 894 895 914 914 3832 4200 4296 4462 4488 14858 18260 19672 20984 21418
1271 818804 2 2 2 2 2 7 7 7 7 7 41 43 43 43 43 151 174 174 175 175 536 756 792 830 830
3167 2891405 5 5 5 5 5 28 28 28 28 28 128 135 135 135 135 517 610 615 635 635 1954 2713 2836 2997 3040
7499 704264 1 1 1 1 1 7 7 7 7 7 41 41 41 41 41 192 193 193 193 193 760 822 828 838 849
7903 15212565 20 20 20 20 20 141 141 143 143 143 672 686 700 702 702 2899 3209 3362 3401 3404 11570 14365 15840 16255 16425
5409 581801 3 3 3 3 3 12 12 12 12 12 38 38 38 38 38 135 135 141 143 143 512 553 623 659 675
2277 4191921 5 5 5 5 5 27 27 27 27 27 145 157 157 157 158 729 858 894 896 914 2952 3913 4255 4311 4450
7401 19815586 31 31 31 31 31 179 184 184 184 184 883 931 941 947 947 3830 4256 4381 4492 4523 14907 18689 20238 21227 21674
6027 188984 2 2 2 2 2 6 6 6 6 6 19 19 19 19 19 49 49 49 49 49 167 181 194 195 199
4911 945504 5 5 5 5 5 10 10 10 10 10 33 33 33 33 33 156 178 178 178 178 608 832 874 883 896
2403 1562349 5 5 5 5 5 25 25 25 25 25 96 96 96 96 96 373 380 381 391 391 1331 1450 1560 1678 1712
7963 56593 2 2 2 2 2 3 3 3 3 3 6 6 6 6 6 15 15 15 15 15 51 51 54 57 57
4191 85261 1 1 1 1 1 3 3 3 3 3 12 12 12 12 12 31 31 31 31 31 100 107 107 109 109
5087 99364 2 2 2 2 2 4 4 4 4 4 9 9 9 9 9 24 26 26 26 26 87 120 122 127 127
1477 4906585 10 10 10 10 10 43 43 43 43 43 214 222 224 224 224 990 1057 1087 1089 1095 3984 4778 5161 5239 5313
499 4361216 5 5 5 5 5 37 38 38 38 38 189 211 211 219 219 816 933 944 980 981 3107 4033 4318 4558 4605
5491 4492090 11 11 11 11 11 42 42 42 42 48 188 191 197 197 225 806 846 896 898 1023 3079 3644 4042 4153 4839
9359 6721146 18 18 18 18 18 64 64 64 64 64 288 291 294 294 307 1284 1343 1428 1457 1520 4939 5840 6535 6897 7261
9917 98373 1 1 1 1 1 3 3 3 3 3 9 9 9 9 9 21 21 21 21 21 73 94 96 104 104
8359 254004 4 4 4 4 4 8 8 8 8 8 19 19 19 19 19 57 60 60 60 60 204 250 262 271 284
2461 1794285 10 10 10 10 10 28 28 28 28 28 130 131 131 131 131 480 496 498 498 498 1723 1993 2067 2103 2119
8633 1890944 3 3 3 3 3 24 24 24 24 24 83 92 92 92 92 395 443 458 460 463 1474 1831 1998 2114 2145
5661 1077659 2 2 2 2 2 7 7 7 7 7 40 40 40 40 40 244 247 276 276 276 918 1003 1190 1201 1212
139 14822425 30 30 30 30 30 146 147 147 147 147 689 702 705 706 706 2983 3166 3299 3352 3382 11718 13964 15333 15907 16290
9519 292568 1 1 1 1 1 3 3 3 3 3 16 16 16 16 16 63 64 64 64 64 276 304 319 323 326
279 3458476 10 10 10 10 10 31 31 31 31 31 153 153 153 153 153 688 732 741 741 753 2620 3281 3473 3542 3646
3657 312836 2 2 2 2 2 8 8 8 8 8 20 20 20 20 20 78 80 81 81 81 290 322 348 354 354
2437 873357 6 6 6 6 6 14 14 14 14 14 46 46 46 46 46 201 203 204 205 205 778 847 892 915 916
4849 17710516 24 24 24 24 24 140 153 153 153 153 676 781 807 808 808 2999 3625 3906 3938 3968 11456 15660 17965 18515 18896
2761 1842011 4 4 4 4 4 14 14 14 14 14 86 86 86 86 86 399 433 433 434 434 1579 1852 1915 1967 1996
6603 12104471 23 23 23 23 23 95 96 96 115 115 421 428 439 576 576 1897 1992 2059 2831 2835 7239 8549 9154 13128 13261
1189 1873221 5 5 5 5 5 18 18 18 18 18 81 81 81 81 81 374 389 404 414 414 1511 1722 1883 1994 2002
5027 5470681 13 13 13 13 13 52 52 52 52 52 266 266 266 266 266 1140 1189 1214 1246 1251 4433 5179 5547 5816 5945
1703 3946316 13 13 13 13 13 39 39 42 42 42 171 175 194 194 194 678 752 828 830 834 2690 3444 4069 4174 4246
5881 10462098 18 18 18 18 18 97 97 97 97 97 409 446 462 462 462 1801 2075 2254 2271 2286 7109 9423 10689 11052 11288
543 1371406415 2750 2804 2823 2833 2833 13220 13617 13840 13967 13978 60637 63909 65755 66699 66993 261574 290154 306495 314527 317905 1000658 1251456 1390161 1459094 1493058
1519 6661587 12 12 12 12 12 69 69 69 69 69 319 320 322 322 322 1383 1475 1539 1541 1541 5360 6426 7082 7245 7309
2913 2340748 3 3 3 3 3 22 22 22 22 22 93 93 93 93 93 440 482 499 500 508 1737 2220 2379 2415 2477
8313 12183959 16 16 16 16 16 107 120 120 120 120 493 592 592 592 592 2211 2789 2823 2844 2850 8565 12280 12925 13380 13524
7243 33088116 48 48 48 48 48 287 297 297 297 297 1377 1509 1516 1519 1532 6101 7082 7298 7406 7494 23186 30441 33046 34395 35275
6733 993848 2 2 2 2 2 9 9 9 9 9 35 42 42 42 42 145 226 227 227 227 589 1017 1067 1089 1096
4587 3606495 12 12 12 12 12 39 39 39 39 39 178 180 180 180 180 693 751 762 769 778 2643 3382 3611 3778 3871
9649 638745 5 5 5 5 5 11 11 11 11 11 32 32 32 32 32 148 157 158 158 158 582 677 726 727 730
6439 705030 5 5 5 5 5 11 11 11 11 11 53 53 53 53 53 183 183 185 185 185 656 715 759 770 773
3569 6826817 13 13 13 13 13 52 52 57 57 57 227 228 254 258 258 1131 1194 1423 1500 1506 4508 5263 6660 7167 7257
3171 33103844 62 68 68 68 68 284 322 337 337 337 1313 1562 1636 1637 1642 5569 7192 7680 7758 7842 21131 30534 33907 35145 35995
9447 1940903 3 3 3 3 3 20 20 20 20 20 72 73 73 73 73 352 378 396 397 397 1432 1736 1920 1949 1999
4693 11592959 9 9 9 9 9 101 106 106 106 106 484 571 571 574 574 2070 2583 2619 2684 2695 8113 11421 12225 12778 12927
8479 36341601 71 71 71 71 71 354 361 362 362 362 1554 1655 1677 1681 1685 6748 7716 8012 8148 8206 26112 33660 36964 38484 39250
4947 2224392 5 5 5 5 5 16 16 16 16 16 86 86 86 86 92 454 491 505 505 525 1767 2137 2338 2358 2437
1627 181026465 411 411 411 411 411 1870 1880 1883 1892 1899 8485 8662 8758 8930 8973 36614 38989 40358 41808 42264 140049 167505 181822 192990 197245
8609 206671 1 1 1 1 1 4 4 4 4 4 15 15 15 15 15 52 52 52 52 52 192 221 228 228 228
2903 1024678 5 5 5 5 5 16 16 16 16 16 56 56 56 56 56 188 224 224 231 243 731 939 966 1020 1091
9437 950572 1 1 1 1 1 11 11 11 11 11 39 39 39 39 39 175 191 200 200 208 683 863 938 951 1006
557 95972629 201 203 203 203 203 953 967 974 974 975 4576 4740 4811 4825 4851 19398 21060 21647 22020 22250 74408 90850 97969 102020 104472
8629 4417313 9 9 9 9 9 34 34 34 34 34 179 186 186 186 189 829 955 974 985 1017 3216 4111 4340 4553 4720
1359 22797273 29 29 31 31 31 193 193 210 210 210 927 945 1044 1060 1064 4150 4459 5034 5199 5251 15592 18920 22631 24015 24538
1551 5858363 12 13 13 13 13 53 59 59 59 59 226 255 257 264 265 1016 1207 1262 1323 1344 3842 5262 5750 6237 6420
9099 3661916 3 3 3 3 3 15 15 29 29 29 55 55 158 165 165 236 239 733 804 804 978 1079 3516 4009 4032
2863 1628129 7 7 7 7 7 22 22 22 22 22 88 88 88 88 88 365 372 381 385 386 1345 1540 1677 1732 1750
5069 997827 7 7 7 7 7 16 16 16 16 16 64 64 64 64 64 245 262 264 264 265 901 1072 1117 1148 1163
6869 35441191 69 69 69 69 69 331 332 332 336 336 1589 1631 1691 1745 1749 6725 7313 7808 8177 8248 25457 31258 35124 37676 38446
9401 79778235 156 156 156 156 156 734 760 775 775 775 3245 3498 3613 3645 3690 14214 16236 17195 17720 18090 55084 70877 79004 83565 86581
5451 249160 1 1 1 1 1 4 4 4 4 4 14 14 14 14 14 50 54 54 54 54 188 235 255 255 259
7933 3506157 6 6 6 6 6 38 38 38 38 38 199 203 203 203 203 736 792 812 819 825 2858 3530 3831 3956 4003
1883 3747306 5 5 5 5 5 31 31 31 31 31 185 185 185 185 185 804 842 853 886 897 3107 3657 3794 4087 4208
9111 1987817 4 4 4 4 4 16 16 16 16 16 86 86 88 88 88 378 398 431 431 433 1504 1748 1989 2023 2092
7853 1412945 3 3 3 3 3 9 9 9 9 9 85 85 85 85 85 308 325 325 333 333 1149 1468 1519 1589 1592
4327 65486669 117 117 117 117 117 629 630 631 631 631 3101 3162 3192 3209 3214 13456 14399 14812 15103 15229 51720 61858 66654 69447 70894
4311 1313883 2 2 2 2 2 12 12 12 12 12 67 67 67 67 67 265 282 282 283 284 1034 1249 1312 1412 1425
2207 856731 2 2 2 2 2 9 9 9 9 9 36 36 36 36 36 174 182 188 189 189 699 827 903 917 923
1267 73649008 143 143 143 143 143 633 647 652 652 654 3186 3354 3465 3480 3489 14080 15621 16518 16766 16951 53675 67298 74845 77813 79781
7531 1674038 3 3 3 3 3 23 23 23 23 23 95 95 95 95 95 367 371 396 396 399 1369 1556 1827 1866 1883
4811 685991 4 4 4 4 4 10 10 10 10 10 36 37 37 37 37 167 178 179 179 179 616 706 722 726 731
8149 2951861 10 10 10 10 10 24 28 28 28 28 132 154 154 154 155 558 666 677 696 705 2082 2802 2969 3188 3246
4297 1241789 3 3 3 3 3 11 11 11 11 11 44 44 58 58 58 199 203 307 308 308 765 884 1354 1384 1394
6009 1110679 2 2 2 2 2 11 11 11 11 11 38 40 40 40 40 181 223 224 232 232 797 1058 1114 1161 1183
1309 1044064 2 2 2 2 2 11 11 11 11 11 51 51 51 60 60 187 194 194 253 253 678 803 828 1131 1151
4987 283530 1 1 1 1 1 7 7 7 7 7 26 26 26 26 26 91 91 91 91 91 291 318 325 325 325
2857 11737408 27 27 27 27 27 107 107 107 107 107 547 559 559 561 561 2381 2575 2607 2632 2668 9105 11207 11985 12321 12669
5933 2555641 10 10 10 10 10 34 34 34 34 34 138 138 140 140 140 573 591 619 619 622 2168 2505 2723 2774 2825
4953 54838023 96 97 97 97 97 525 544 544 544 544 2478 2663 2699 2724 2733 10917 12291 12658 12947 13015 41249 52369 56617 59425 60367
2023 931704 2 2 2 2 2 7 7 7 7 7 38 38 38 38 38 164 170 176 179 179 699 818 931 974 988
1091 1859275 6 6 6 6 6 28 28 28 28 28 99 99 99 99 99 408 427 437 443 444 1567 1808 1953 2061 2080
2841 38557222 76 76 76 76 76 370 370 378 379 379 1667 1693 1803 1829 1831 7276 7776 8537 8767 8816 27584 33295 38505 40599 41416
7457 2823122 5 5 5 5 5 26 28 28 28 28 113 143 143 143 143 480 640 658 659 667 1863 2744 2993 3036 3097
981 14471784 37 37 37 37 37 153 153 153 153 153 672 681 681 683 683 2922 3094 3166 3229 3259 11449 13646 14564 15273 15775
2067 10289669 22 22 22 22 22 92 93 93 93 93 428 480 484 484 484 1837 2270 2327 2334 2337 6921 10106 10870 11098 11222
5541 1659083 2 2 2 2 2 13 13 13 13 13 80 80 80 80 80 359 378 380 390 391 1343 1603 1670 1742 1774
7167 5017351 7 7 7 7 7 53 53 53 53 53 225 225 225 227 227 1027 1067 1085 1135 1138 3918 4602 4978 5403 5448
4537 1696858 4 4 4 4 4 19 19 19 19 19 75 79 79 79 79 304 369 371 376 376 1174 1686 1774 1825 1837
1587 1585383 8 8 8 8 8 19 19 19 19 19 88 90 90 90 90 352 381 381 381 381 1307 1585 1674 1689 1718
3473 136379 2 2 2 2 2 6 6 6 6 6 14 14 14 14 14 48 48 48 48 48 191 193 193 193 193
9253 13600365 23 23 23 23 23 142 143 143 143 143 688 708 723 723 723 3011 3142 3281 3307 3309 11326 12936 14276 14804 14934
8101 1311970 1 1 1 1 1 6 6 6 6 6 50 53 53 53 53 204 281 281 282 287 798 1251 1296 1362 1433
113 56524896 110 110 110 110 110 549 559 559 565 565 2595 2686 2716 2752 2760 11503 12452 12889 13186 13268 43952 53727 58228 61047 62312
9653 475292 1 1 1 1 1 7 7 7 7 7 18 18 18 18 18 102 108 108 108 108 393 464 468 470 483
759 16143851 29 29 29 29 29 159 159 160 160 160 763 770 816 816 816 3232 3399 3721 3753 3769 12439 14635 16893 17442 17793
8623 1991833 9 9 9 9 9 28 28 28 28 28 97 97 97 97 97 444 453 465 465 478 1612 1885 2048 2078 2156
7103 2219850 1 1 1 1 1 10 10 10 10 10 82 86 88 89 89 408 428 449 463 478 1656 1918 2171 2262 2322
8879 653472 2 2 2 2 2 6 6 6 6 6 25 25 25 36 36 79 79 79 164 164 274 315 346 714 718
7517 384537 3 3 3 3 3 11 11 11 11 11 30 30 30 30 30 103 105 105 105 105 385 429 434 436 436
5379 3651743 9 9 9 9 9 40 44 44 44 44 146 181 181 181 181 580 800 844 853 862 2146 3308 3717 3896 3996
3059 920446 4 4 4 4 4 14 14 14 14 14 45 45 45 45 45 205 217 224 224 224 809 975 1051 1064 1081
2257 10535607 23 23 23 23 23 118 119 119 119 119 496 509 514 528 528 2049 2224 2317 2419 2428 7862 9542 10433 11236 11385
5389 205245 1 1 1 1 1 3 3 3 3 3 13 13 13 13 13 45 45 45 48 50 165 171 171 207 230
9849 61019 2 2 2 2 2 3 3 3 3 3 7 7 7 7 7 22 22 22 22 22 79 84 84 85 85
2497 1062985 3 3 3 3 3 7 7 7 7 7 38 45 45 45 45 193 233 240 245 249 660 970 1077 1121 1163
7477 274568 2 2 2 2 2 7 7 7 7 7 22 22 22 22 22 79 79 79 79 79 272 297 313 313 313
437 19049239 40 40 40 40 40 176 178 178 178 178 868 916 916 924 926 3706 4182 4260 4310 4344 14579 18614 19961 20587 20966
1623 2733583 3 3 3 3 3 23 23 23 23 23 109 109 124 124 124 449 473 602 617 622 1676 1985 2722 2848 2925
2311 393651 2 2 2 2 2 4 4 4 4 4 13 13 13 13 13 105 105 105 110 110 398 439 449 473 485
4877 1749361 3 3 3 3 3 16 16 16 16 16 73 76 77 77 77 373 401 428 435 438 1338 1584 1747 1805 1872
2963 1046299 2 2 2 2 2 8 8 8 8 8 40 40 40 40 40 247 250 250 256 256 928 1050 1088 1168 1176
8551 325511 3 3 3 3 3 7 7 7 7 7 21 21 21 21 21 75 83 83 83 83 284 361 365 368 383
2691 1806848 3 3 3 3 3 27 28 28 28 28 92 105 105 105 105 343 453 461 461 461 1286 1921 2009 2037 2041
1399 2487690 9 9 9 9 9 30 30 30 30 30 117 119 119 119 119 514 550 556 578 578 1899 2332 2473 2653 2679
6471 300061 1 1 1 1 1 4 4 4 4 4 18 18 18 18 18 62 66 68 68 68 222 272 311 318 318
5537 1323656 4 4 4 4 4 15 15 15 15 15 71 71 72 72 72 268 282 297 297 298 1075 1251 1370 1389 1406
6427 1670701 4 4 4 4 4 20 20 20 20 20 85 90 91 91 91 381 408 425 431 431 1414 1653 1834 1867 1886
2883 1676174 5 5 5 5 5 20 20 20 20 20 94 94 94 94 95 421 422 426 428 436 1525 1701 1765 1804 1848
6301 2408508 8 8 8 8 8 29 29 29 29 29 126 135 135 135 135 515 580 586 588 588 1929 2439 2546 2601 2643
3091 5944608 13 13 13 13 13 48 52 52 52 52 212 237 241 241 241 961 1145 1226 1235 1258 3878 5262 5819 6055 6298
5303 538810 3 3 3 3 3 9 9 9 9 9 33 33 33 33 33 134 136 136 136 138 476 528 550 558 582
6421 1170017 6 6 6 6 6 12 12 12 12 12 47 47 47 50 50 210 226 230 247 247 833 1022 1076 1201 1203
3499 15817811 31 31 31 31 31 162 162 162 162 162 734 742 761 764 765 3236 3439 3613 3690 3716 12251 14595 16047 16878 17215
5113 2841894 4 4 4 4 4 24 24 24 24 24 130 134 134 134 134 565 636 652 659 661 2276 2810 3050 3169 3194
8413 5856240 6 6 6 6 6 43 43 43 43 49 203 220 222 232 282 844 961 975 1062 1372 3211 4097 4389 4919 6410
2917 1892840 6 6 6 6 6 18 18 18 18 18 73 75 75 75 75 348 369 385 391 394 1447 1767 1918 2006 2049
3273 5397957 13 13 13 13 13 48 48 48 48 48 260 267 267 272 272 1112 1174 1177 1223 1229 4243 5104 5333 5688 5790
5621 9372291 21 21 21 21 21 97 97 97 97 97 436 440 449 449 454 1862 1964 2076 2085 2158 6963 8240 9221 9557 10136
5441 18072071 21 21 21 21 21 153 155 155 155 155 821 841 845 857 857 3706 3907 4001 4130 4166 13970 16633 18028 19205 19663
9407 160472 2 2 2 2 2 3 3 3 3 3 12 12 12 12 12 41 42 43 43 43 143 195 203 203 203
7877 1858545 4 4 4 4 4 20 20 20 20 20 89 89 89 89 89 399 403 414 420 420 1564 1756 1876 1975 1981
637 1754214 3 3 3 3 3 16 16 16 16 16 95 95 96 97 97 365 387 421 441 441 1298 1519 1747 1899 1907
1299 7324432 14 14 14 14 14 73 73 73 73 73 377 378 380 381 381 1568 1637 1675 1715 1718 6046 7125 7588 7967 8059
2111 13762260 24 25 25 25 25 113 121 121 126 126 535 581 596 633 633 2396 2708 2894 3119 3131 9076 11645 13140 14586 14819
1731 2406235 3 4 4 4 4 5 23 23 23 23 24 115 115 115 115 119 534 559 560 563 482 2264 2518 2578 2627
2269 1277745 3 3 3 3 3 11 11 11 11 11 52 52 52 52 62 237 239 239 239 293 933 1057 1101 1134 1455
9557 232570 1 1 1 1 1 3 3 3 3 3 13 13 13 13 13 49 49 49 49 49 170 191 209 221 221
6577 1056842 2 2 2 2 2 8 8 8 8 8 36 36 36 36 36 215 222 223 223 226 888 999 1058 1073 1156
4033 574291 1 1 1 1 1 6 6 6 6 6 32 32 32 32 32 117 118 127 127 127 478 550 610 625 625
9829 596624 1 1 1 1 1 6 6 6 6 6 31 33 33 33 33 103 118 122 122 123 380 529 566 575 622
3921 20200540 57 57 57 57 57 252 252 252 252 252 1049 1069 1072 1075 1075 4447 4682 4798 4842 4861 16917 19793 21324 21995 22336
4183 893067 2 2 2 2 2 5 5 5 5 5 30 30 30 30 30 214 214 217 217 217 854 923 961 994 996
5009 817231 4 4 4 4 4 15 15 15 15 15 57 57 57 57 57 214 222 222 228 228 754 882 920 973 982
2469 2874979 8 8 8 8 8 27 27 27 27 27 154 154 154 154 154 659 662 682 695 700 2554 2817 3003 3187 3242
3247 1603202 1 1 1 1 1 15 15 15 15 15 83 83 83 83 83 371 375 375 376 376 1446 1635 1733 1761 1777
3049 2525515 6 6 6 6 6 22 22 22 22 22 98 98 101 101 101 462 489 534 536 537 1830 2168 2484 2593 2620
2807 3285058 8 8 8 8 8 42 42 43 43 43 162 164 180 180 180 657 710 798 803 803 2373 2920 3463 3558 3577
5761 2104300 2 2 2 2 2 19 19 19 19 19 101 101 101 101 101 440 452 472 475 476 1724 2017 2181 2235 2267
2739 252190 3 3 3 3 3 6 6 6 6 6 16 16 16 16 16 55 55 55 55 55 243 266 268 268 287
6587 552298 3 3 3 3 3 9 9 9 9 9 27 27 27 27 27 127 127 131 133 134 446 500 548 588 596
5589 11718342 17 17 17 17 17 105 105 105 105 105 513 528 534 534 534 2251 2491 2602 2631 2649 8475 10816 11998 12423 12699
6307 220566 1 1 1 1 1 2 2 2 2 2 13 13 13 13 13 47 47 47 48 48 186 216 216 238 238
1881 17885041 30 30 30 30 30 165 165 165 166 166 808 836 845 853 854 3539 3898 3990 4039 4071 13498 17070 18306 18855 19219
9927 270662 1 1 1 1 1 2 2 2 2 2 20 20 20 20 20 77 77 77 77 77 250 291 299 302 302
2209 35882577 59 59 59 59 59 269 272 274 274 274 1554 1612 1647 1647 1648 7093 7684 8025 8077 8175 27413 33363 36733 37710 38699
4153 611115 2 2 2 2 2 10 10 10 10 10 34 35 35 35 35 121 147 147 147 147 456 651 681 691 696
1171 990495 6 6 6 6 6 14 14 14 14 14 58 58 58 58 58 213 221 238 238 238 820 992 1088 1112 1117
4783 3134847 3 3 3 3 3 37 37 37 37 37 128 128 143 143 157 510 535 639 639 732 1800 2151 2848 2893 3375
873 2563389 6 6 6 6 6 32 32 32 32 32 139 139 139 143 143 507 542 545 601 601 1912 2244 2384 2793 2812
1127 5070474 10 10 10 10 10 40 40 40 40 40 229 229 238 239 239 928 948 1025 1047 1069 3724 4225 4874 5085 5283
6201 18748934 27 28 28 28 28 162 177 177 177 177 793 920 921 922 922 3301 4073 4155 4246 4285 12642 17957 19261 20214 20669
9243 820368 3 3 3 3 3 14 14 14 14 14 47 47 47 47 47 199 199 199 203 203 735 789 798 848 848
9931 320687 1 1 1 1 1 4 4 4 4 4 20 20 20 20 20 75 75 75 75 75 294 316 317 326 328
4073 1548694 8 8 8 8 8 21 21 21 21 21 78 78 78 78 78 350 357 363 373 373 1300 1463 1579 1693 1695
6303 442409 3 3 3 3 3 9 9 9 9 9 30 30 30 30 30 121 124 124 126 126 425 498 516 533 535
7177 787943 6 6 6 6 6 11 11 11 11 11 43 43 43 43 43 184 185 185 186 186 695 793 815 864 864
317 1747532 6 6 6 6 6 27 27 27 27 27 89 90 90 90 90 410 428 429 429 431 1496 1772 1837 1854 1884
5883 907349 2 2 2 2 2 4 5 5 5 5 38 42 42 42 42 200 239 240 240 240 696 963 994 1009 1025
2369 499707 3 3 3 3 3 10 10 10 10 10 35 35 35 35 35 146 146 146 146 146 514 551 565 581 587
4453 270782 1 1 1 1 1 6 6 6 6 6 13 13 13 13 13 52 56 59 59 61 190 239 269 271 282
1039 18394421 38 38 38 38 38 193 196 196 196 196 868 902 906 910 910 3707 4035 4136 4177 4206 14372 17633 18942 19551 19973
8999 522927 2 2 2 2 2 9 9 9 9 9 30 30 30 30 30 123 127 131 131 131 460 501 545 557 557
7619 1195213 2 2 2 2 2 12 12 12 12 12 47 47 49 49 49 208 219 252 252 252 823 998 1215 1275 1278
167 622001 5 5 5 5 5 12 12 12 12 12 32 32 32 33 33 125 125 125 134 134 470 534 585 656 664
4817 3999223 10 10 10 10 10 45 45 45 45 45 179 186 186 186 201 739 813 824 835 917 2872 3688 3870 3990 4424
4233 2859259 5 5 5 5 5 33 33 33 33 33 132 133 133 133 149 483 520 539 549 634 1891 2300 2518 2598 3103
311 120483477 223 228 228 230 230 1146 1220 1221 1239 1239 5198 5761 5846 5949 5958 21975 26004 26991 27795 28060 84393 112386 122235 128981 131939
121 22347405 53 53 53 53 53 212 213 218 218 218 1032 1055 1101 1101 1102 4497 4772 5127 5207 5246 17061 20268 22862 23795 24462
8807 4560760 12 12 12 12 12 45 45 45 45 45 236 236 236 236 236 1017 1037 1049 1063 1067 3802 4368 4636 4900 4962
#resid 0 0 0 0 0
