# q=5 mode=arith roots=300 cp_lo=4 cp_hi=8 buf_lo=9 buf_hi=13 seed=2026
# root nvisited then n_cp*n_buf cumulative counts N(val<=cp[ci], pmax<=buf[bi]) row-major ci,bi
1077 3892076 13 13 13 13 13 57 57 57 57 57 247 247 247 247 247 978 1027 1062 1062 1062 3646 4224 4682 4763 4801
1699 1688923 8 8 8 8 8 31 31 31 31 31 123 124 124 124 124 512 527 529 529 529 1759 2027 2088 2114 2115
303 3230095 14 14 14 14 14 50 50 50 50 50 197 197 204 204 204 789 819 873 874 880 2942 3500 3874 3932 4021
9511 14038 1 1 1 1 1 2 2 2 2 2 4 4 4 4 4 9 9 9 9 9 28 28 28 28 28
2921 97936 2 2 2 2 2 5 5 5 5 5 11 11 11 11 11 37 39 39 39 39 138 153 153 154 154
9989 2219961 2 2 2 2 2 22 22 23 23 23 124 124 134 136 136 491 502 559 569 571 1893 2175 2509 2594 2652
9469 203420 2 2 2 2 2 3 3 3 3 3 18 18 18 18 18 62 62 62 62 62 245 269 275 275 275
881 1726083 8 8 8 8 8 32 32 32 32 32 121 121 121 121 121 517 532 532 540 540 1824 2088 2130 2192 2225
3817 375754 3 3 3 3 3 11 11 11 11 11 31 31 31 31 31 101 106 109 109 109 413 460 482 488 495
6823 26550378 73 75 75 75 75 347 364 364 364 364 1470 1589 1633 1635 1635 6313 7061 7359 7403 7430 23931 29637 32118 32881 33153
5489 452030 2 2 2 2 2 10 10 10 10 10 35 35 35 35 35 127 134 134 134 134 484 577 596 608 608
4229 10757046 27 27 27 27 27 139 139 139 139 139 675 677 683 683 683 2856 2989 3034 3049 3057 10493 12375 13084 13462 13603
9383 2018496 7 7 7 7 7 23 23 23 23 23 124 127 127 127 127 533 560 567 569 569 2011 2311 2425 2476 2487
1931 1352225 7 7 7 7 7 20 20 20 20 20 71 71 71 71 71 354 369 373 373 373 1241 1468 1568 1587 1600
4409 1067770 5 5 5 5 5 22 22 22 22 22 84 84 84 84 84 303 303 303 303 307 1150 1272 1288 1296 1369
3647 336035 2 2 2 2 2 4 4 4 4 4 22 22 22 23 23 80 92 92 105 105 263 344 353 414 414
9637 251974 1 1 1 1 1 4 4 4 4 4 16 16 16 16 18 59 60 60 60 71 217 236 246 247 319
9697 57817 1 1 1 1 1 3 3 3 3 3 5 5 5 5 5 17 17 17 17 17 61 76 78 78 78
8649 317928 3 3 3 3 3 5 5 5 5 5 16 16 16 16 16 71 72 77 77 77 278 302 375 376 377
2967 379365 3 3 3 3 3 11 11 11 11 11 31 31 31 31 31 112 113 114 114 114 413 447 476 480 480
1657 1445808 8 8 8 8 8 29 29 29 29 29 117 117 117 117 117 435 442 443 443 443 1638 1836 1889 1901 1909
4433 5166869 11 11 11 11 11 52 52 52 52 52 308 308 311 311 311 1345 1386 1408 1420 1420 5016 5793 6114 6381 6440
7777 340519 4 4 4 4 4 8 8 8 8 8 20 20 20 20 20 67 95 96 96 96 217 420 451 451 451
943 5176869 19 19 19 19 19 85 85 85 86 86 351 351 351 358 358 1378 1425 1451 1501 1501 4997 5802 6160 6545 6585
6521 210693 1 1 1 1 1 5 5 5 5 5 15 15 15 15 15 59 59 60 60 60 230 235 278 279 279
2081 1829137 9 9 9 9 9 35 35 35 35 35 138 138 138 138 138 534 556 560 560 560 1974 2266 2357 2365 2392
9753 1980605 5 5 5 5 5 22 22 22 22 22 111 113 113 113 113 518 561 563 574 575 1911 2336 2463 2537 2561
1069 2404960 8 8 8 8 8 35 35 35 35 35 141 145 152 152 152 567 600 648 656 656 2166 2523 2886 2982 3001
653 3459515 11 11 11 11 11 45 45 45 45 45 211 212 212 212 212 926 965 974 974 975 3454 4049 4235 4290 4335
1573 5453808 21 21 21 21 21 80 80 80 80 80 343 348 348 348 348 1528 1603 1609 1632 1636 5624 6597 6853 7074 7117
7977 817752 2 2 2 2 2 9 9 9 9 9 30 30 33 33 33 174 178 194 194 194 678 776 910 930 941
4823 9054379 47 47 47 47 47 147 147 147 147 147 603 604 604 606 613 2475 2556 2566 2598 2642 9397 10721 11124 11453 11679
2579 1588981 5 5 5 5 5 29 29 29 29 29 109 109 109 109 109 453 455 459 459 459 1668 1877 1964 1981 2011
9889 545333 2 2 2 2 2 7 7 7 7 7 28 28 28 28 28 93 106 114 114 115 368 524 608 609 641
8811 621296 1 1 1 1 1 7 7 7 7 7 44 44 44 44 44 180 180 180 180 180 666 726 743 760 761
1491 2856044 8 8 8 8 8 42 42 42 42 42 191 192 192 192 192 769 795 798 802 802 2956 3394 3551 3648 3658
1079 3768141 12 12 12 12 12 59 59 59 59 59 252 253 253 253 253 996 1040 1057 1080 1082 3620 4177 4481 4684 4719
3649 314011 3 3 3 3 3 11 11 11 11 11 31 31 31 31 31 104 104 104 104 104 346 370 375 384 385
7071 1278097 1 1 1 1 1 8 8 8 8 8 59 64 64 64 64 281 350 352 352 352 1128 1599 1652 1668 1671
3721 166965 1 1 1 1 1 5 5 5 5 5 15 15 15 15 15 48 48 48 48 48 190 203 205 221 221
4049 1731439 4 4 4 4 4 29 29 29 31 31 100 100 100 111 111 373 396 430 485 495 1334 1669 1856 2151 2224
3927 11513354 41 41 41 41 41 157 157 157 157 157 688 694 696 696 696 2905 3069 3124 3149 3166 10897 12760 13607 14010 14269
109 17354825 41 41 41 41 41 196 201 216 216 216 959 986 1070 1070 1072 3996 4276 4764 4787 4815 15187 17922 21066 21507 21764
8309 242914 2 2 2 2 2 4 4 4 4 4 18 18 18 18 18 79 79 79 79 79 268 285 286 301 301
8129 1418931 8 8 8 8 8 23 23 23 23 23 99 99 99 99 99 426 438 438 438 438 1573 1740 1806 1838 1861
7069 228860 3 3 3 3 3 9 9 9 9 9 24 24 24 24 24 84 85 85 85 85 274 322 325 326 326
1401 1670797 6 6 6 6 6 20 20 20 20 20 93 94 95 95 95 425 438 477 477 477 1635 1895 2113 2118 2140
2793 26666545 78 78 78 78 78 361 361 361 361 361 1650 1678 1686 1695 1695 6970 7413 7584 7664 7671 26059 30721 32724 33558 33737
9041 246780 1 1 1 1 1 6 6 6 6 6 22 22 22 22 22 81 81 81 81 81 280 323 326 326 327
377 5120415 17 17 17 17 17 81 81 81 82 82 339 339 339 346 346 1354 1401 1427 1477 1477 4932 5732 6090 6475 6514
219 3071158 8 8 8 8 8 52 52 52 52 52 191 192 192 192 192 841 867 885 887 888 3126 3543 3773 3856 3890
6749 1332983 5 5 5 5 5 18 18 18 18 18 71 73 73 91 91 257 287 288 384 384 1008 1218 1244 1728 1731
4341 136219 1 1 1 1 1 5 5 5 5 5 14 14 14 14 14 50 50 50 50 50 174 183 186 188 188
5053 1111570 3 3 3 3 3 14 14 14 14 14 75 75 75 75 75 281 304 315 319 319 1022 1234 1355 1417 1437
4001 652148 2 2 2 2 2 9 9 9 9 9 41 43 43 43 43 177 199 199 199 199 677 809 848 853 861
8597 262908 1 1 1 1 1 6 6 6 6 6 15 15 15 15 15 55 56 60 62 62 199 254 303 315 316
5583 16820620 16 16 16 38 38 94 94 95 221 221 460 460 466 1001 1001 1993 2119 2200 4695 4703 7657 9014 9760 21028 21235
9399 228987 3 3 3 3 3 6 6 6 6 6 16 16 16 16 16 55 56 56 56 56 197 231 246 256 256
9441 451598 1 1 1 1 1 4 4 4 4 4 16 16 16 16 16 110 110 119 119 119 462 494 574 578 581
357 13092235 11 11 11 33 33 59 59 59 185 185 257 257 257 792 792 1066 1157 1181 3673 3680 4046 4905 5255 16471 16609
3471 295262 1 1 1 1 1 6 6 6 6 6 25 25 25 25 25 107 107 107 107 107 343 366 374 375 375
287 4843923 17 17 17 17 17 81 81 81 81 81 319 320 321 321 321 1294 1335 1360 1372 1372 4698 5496 5837 5970 6011
1483 8002304 27 27 27 27 27 113 113 113 113 113 487 487 498 498 498 2019 2086 2209 2217 2223 7492 8689 9546 9730 9849
4203 4029760 7 7 7 7 7 54 54 54 54 54 260 260 260 260 260 1124 1141 1147 1148 1148 4309 4781 4958 5023 5067
8199 5517246 19 19 19 19 19 76 76 76 76 76 356 358 358 359 359 1481 1522 1537 1558 1558 5537 6383 6719 6988 7016
3017 6513483 20 20 20 20 20 95 95 95 95 95 378 378 386 386 386 1633 1677 1736 1748 1750 6217 7194 7841 8001 8058
8673 546089 3 3 3 3 3 11 11 11 11 11 44 44 44 44 44 188 191 191 191 191 625 682 693 709 711
9217 160992 1 1 1 1 1 3 3 3 3 3 10 10 10 10 10 37 37 37 39 39 150 159 164 185 199
3799 3158550 10 10 10 10 10 43 43 43 43 43 210 210 210 210 210 832 868 887 887 887 3135 3697 3876 3930 3943
481 4296923 15 15 15 15 15 59 59 59 59 59 261 261 276 276 276 1132 1144 1241 1258 1260 4264 4723 5349 5477 5546
9669 458994 3 3 3 3 3 12 12 12 12 12 37 37 37 37 37 132 135 135 135 135 497 547 560 564 576
8521 374014 1 1 1 1 1 6 6 6 6 6 25 25 25 25 25 91 94 109 109 110 329 372 458 463 485
4429 8192128 31 31 31 31 31 144 144 144 144 144 553 563 563 563 563 2169 2320 2342 2348 2353 8136 9655 10107 10293 10377
679 3665653 13 13 13 13 13 44 44 44 44 44 218 218 218 218 218 988 1022 1039 1039 1039 3791 4285 4523 4600 4613
1043 2280428 9 9 9 9 9 29 29 29 29 29 135 140 140 140 140 537 600 615 627 627 2146 2634 2750 2832 2833
8687 1798435 2 2 2 2 2 14 14 14 14 14 78 78 86 87 87 420 427 478 494 494 1563 1760 2049 2171 2179
687 14003763 40 40 40 40 40 203 205 205 205 205 815 850 850 852 855 3362 3679 3722 3764 3804 12796 15700 16426 16991 17393
2021 610209 2 2 2 2 2 10 10 10 10 10 36 36 36 36 36 118 141 148 150 150 481 663 730 762 780
8009 537696 2 2 2 2 2 11 11 11 11 11 45 45 45 45 45 147 160 160 160 165 548 636 670 676 697
5183 1379944 8 8 8 8 8 32 32 32 32 32 118 118 119 119 119 393 405 419 421 421 1404 1563 1688 1727 1733
5891 1685808 2 2 2 2 2 12 12 12 12 12 75 77 86 86 86 374 401 442 446 446 1499 1768 2055 2092 2117
5823 1865115 6 6 6 6 6 22 22 22 22 22 105 106 106 106 106 489 540 540 541 541 1776 2196 2250 2281 2304
2697 147382 2 2 2 2 2 9 9 9 9 9 17 17 17 17 17 47 47 47 47 47 158 181 183 188 198
7277 3276400 7 7 7 7 7 36 36 36 36 36 203 203 203 203 203 878 914 921 921 926 3216 3816 3975 3997 4061
797 380748 3 3 3 3 3 6 6 6 6 6 30 30 30 30 30 132 132 132 132 132 440 461 469 469 469
9661 91485 1 1 1 1 1 2 2 2 2 2 7 7 7 7 7 24 24 24 24 24 121 125 125 125 126
7801 175525 2 2 2 2 2 4 4 4 4 4 17 17 17 17 17 59 63 63 63 63 216 248 249 252 252
6517 3754293 7 7 7 7 7 50 50 50 50 50 224 227 227 227 227 928 979 995 1000 1003 3553 4170 4410 4504 4590
927 8330547 28 28 28 28 28 118 118 118 118 118 506 506 517 517 517 2094 2168 2294 2302 2308 7730 9007 9906 10090 10209
7951 2663970 6 6 6 6 6 36 36 36 36 36 174 177 177 177 178 666 694 710 713 719 2428 2870 3128 3165 3220
1763 1220540 6 6 6 6 6 23 23 23 23 23 85 85 85 85 85 334 340 349 349 349 1187 1307 1453 1472 1485
2387 1664873 5 5 5 5 5 19 19 19 19 19 84 95 95 95 95 391 465 466 466 466 1415 1919 1993 2010 2019
3353 2506902 3 3 3 3 3 35 35 35 35 35 159 159 159 160 160 639 650 662 684 687 2412 2700 2872 3010 3052
4071 701237 2 2 2 2 2 14 14 14 14 14 38 38 43 43 43 175 183 214 214 214 641 748 899 907 908
9161 166593 1 1 1 1 1 2 2 2 2 2 14 14 14 14 14 58 58 58 58 58 194 217 218 218 218
2439 626551 5 5 5 5 5 13 13 13 13 13 37 37 37 37 37 168 169 171 172 173 655 746 782 821 832
1729 13136763 38 38 38 38 38 200 201 201 201 201 850 857 864 864 869 3388 3550 3613 3627 3652 12796 14825 15761 16121 16323
9419 235169 2 2 2 2 2 4 4 4 4 4 20 20 20 20 20 74 75 75 75 75 243 280 288 289 300
6369 1138722 2 2 2 2 2 16 16 16 16 16 74 79 79 79 79 277 318 325 325 325 972 1265 1361 1376 1380
8627 1168547 2 2 2 2 2 14 14 14 14 14 62 63 68 68 68 281 298 331 334 334 986 1186 1373 1408 1417
7001 516991 2 2 2 2 2 8 8 8 8 8 29 29 30 30 30 127 127 139 139 139 475 527 590 597 614
1819 457169 4 4 4 4 4 9 9 9 9 9 47 47 47 47 47 150 150 150 150 151 553 566 578 597 608
7831 163928 1 1 1 1 1 4 4 4 4 4 21 21 21 21 21 52 52 52 52 52 179 194 197 197 197
457 5899362 25 25 25 25 25 82 82 82 82 82 371 371 371 371 371 1638 1694 1703 1712 1712 5966 6758 7073 7224 7264
8001 1849593 1 1 1 1 1 7 7 7 7 7 91 99 99 99 99 402 495 496 499 499 1520 2167 2244 2277 2277
8233 1999322 6 6 6 6 6 26 26 26 26 26 140 140 140 140 140 538 550 551 551 559 2075 2353 2430 2465 2510
9781 3130274 7 7 7 7 7 43 43 43 43 43 186 186 193 193 193 846 885 926 926 930 3023 3580 3895 3960 3989
5717 124869 2 2 2 2 2 4 4 4 4 4 11 11 11 11 11 41 41 41 41 41 154 162 166 167 172
6743 986075 3 3 3 3 3 20 20 20 20 20 68 68 68 68 68 246 249 251 251 251 981 1123 1149 1172 1185
9087 784805 1 1 1 1 1 7 7 7 7 7 46 49 49 49 49 178 193 203 203 203 735 847 955 960 968
7451 2964309 5 5 5 5 5 31 31 31 31 31 184 184 184 184 184 793 828 835 835 840 2914 3449 3603 3621 3683
8377 3900158 2 2 2 2 2 39 39 39 39 39 218 236 239 239 239 943 1066 1102 1121 1125 3637 4494 4721 4868 4939
8013 1209601 4 4 4 4 4 21 21 21 21 21 66 66 66 66 66 325 328 330 344 344 1210 1352 1411 1496 1508
819 13837033 34 34 34 34 34 169 169 170 170 171 776 786 799 803 840 3414 3603 3739 3770 3927 12772 14984 16170 16600 17428
8003 1424086 4 4 4 4 4 23 23 23 23 23 105 105 105 105 105 408 415 415 416 416 1590 1768 1835 1853 1855
389 5202224 15 15 15 15 15 91 91 91 91 91 360 366 366 366 366 1396 1503 1517 1520 1520 5168 6204 6506 6645 6671
6349 936913 5 5 5 5 5 17 17 17 17 17 77 77 77 77 77 292 296 297 297 297 1000 1146 1173 1181 1183
5997 388836 2 2 2 2 2 6 6 6 6 6 25 25 25 25 25 105 105 108 108 108 385 424 454 473 474
6319 278022 2 2 2 2 2 6 6 6 6 6 21 21 21 21 21 74 83 83 83 83 295 356 358 358 360
1271 748922 3 3 3 3 3 13 13 13 13 13 50 50 50 50 50 198 200 202 202 202 808 885 943 949 951
3167 472506 3 3 3 3 3 7 7 7 7 7 31 31 31 31 31 140 141 141 147 147 527 576 605 657 657
7499 5202850 13 13 13 13 13 70 70 70 70 70 308 309 313 313 313 1311 1377 1467 1478 1480 4963 5760 6353 6546 6624
7903 385664 2 2 2 2 2 10 10 10 10 10 34 34 34 34 34 109 114 114 114 114 422 493 499 505 505
5409 2206664 11 11 11 11 11 43 43 43 43 43 161 161 161 161 161 584 610 614 614 625 2083 2503 2661 2715 2837
2277 1036621 7 7 7 7 7 17 17 17 17 17 80 80 80 80 80 277 280 280 280 280 1098 1222 1250 1273 1277
7401 2122414 9 9 9 9 9 27 27 27 27 27 136 136 136 136 136 557 591 595 600 600 2040 2424 2553 2634 2647
6027 420999 4 4 4 4 4 9 9 9 9 9 30 30 30 30 30 121 124 124 124 124 409 466 489 500 504
4911 173633 1 1 1 1 1 4 4 4 4 4 15 15 15 15 15 43 43 43 43 43 170 175 179 180 180
2403 2411307 5 5 5 5 5 29 29 29 29 29 138 139 140 140 140 630 648 667 673 673 2284 2648 2890 2975 2984
7963 42356 2 2 2 2 2 4 4 4 4 4 9 9 9 9 9 16 16 16 16 16 50 70 70 70 70
4191 79944 1 1 1 1 1 4 4 4 4 4 13 13 13 13 13 36 36 36 36 36 110 115 117 117 117
5087 738270 3 3 3 3 3 9 9 9 9 9 41 41 41 41 41 198 203 221 225 225 712 801 890 921 921
1477 4819575 13 13 13 13 13 70 70 70 70 70 289 290 291 292 292 1242 1303 1338 1351 1355 4506 5452 5822 5940 6033
499 9656873 28 28 28 28 28 114 114 114 114 114 573 580 581 581 581 2501 2625 2648 2659 2660 9533 11202 11710 11895 11999
5491 146002 1 1 1 1 1 5 5 5 5 5 14 14 14 14 14 52 56 56 56 56 172 190 190 193 193
9359 4296877 16 16 16 16 16 47 47 47 47 47 239 239 239 239 239 1159 1209 1217 1226 1226 4264 4906 5155 5271 5303
9917 1148015 1 1 1 1 1 5 15 15 15 15 13 63 70 70 70 65 290 332 334 334 235 1120 1370 1399 1407
8359 531002 4 4 4 4 4 8 8 8 8 8 28 28 28 28 28 133 136 137 137 142 521 573 597 607 626
2461 745324 2 2 2 2 2 12 12 12 12 12 53 53 53 53 53 210 221 221 221 226 792 915 959 967 992
8633 2965163 9 9 9 9 9 37 37 37 37 37 173 174 174 174 174 788 827 832 833 833 2984 3409 3599 3667 3673
5661 356370 1 1 1 1 1 5 5 5 5 5 19 19 19 19 19 92 92 92 92 92 401 439 450 456 457
139 13535498 29 29 29 29 29 141 141 156 156 156 739 741 825 825 825 3130 3265 3741 3763 3765 12110 13832 16665 17023 17136
9519 624817 3 3 3 3 3 12 12 12 12 12 37 37 37 37 37 163 166 166 166 166 654 761 804 808 815
279 21632397 57 59 59 59 59 267 284 284 284 284 1180 1294 1337 1339 1339 5058 5725 5979 6023 6041 19245 24114 26135 26790 27025
3657 3476790 8 8 8 8 8 57 57 57 57 57 233 233 234 234 234 924 938 961 970 970 3515 3915 4182 4287 4295
2437 1263659 4 4 4 4 4 21 21 21 21 21 64 67 79 79 79 288 319 362 362 364 1051 1291 1533 1546 1576
4849 2376675 5 5 5 5 5 26 26 26 26 26 134 138 138 138 138 598 640 641 655 655 2219 2645 2802 2915 2938
2761 82224 2 2 2 2 2 3 3 3 3 3 8 8 8 8 8 22 23 23 23 23 90 101 105 113 113
6603 1169264 3 3 3 3 3 12 13 13 13 13 50 67 70 70 70 210 321 340 340 340 772 1391 1503 1508 1514
1189 3014069 7 7 7 7 7 27 27 27 27 27 180 181 181 181 181 769 812 832 832 838 2840 3339 3626 3713 3776
5027 374818 5 5 5 5 5 9 9 9 9 9 30 30 30 30 30 103 104 110 111 111 347 372 403 412 429
1703 12030581 36 36 36 36 36 152 152 152 152 152 703 726 729 732 732 2994 3242 3290 3332 3370 11267 13623 14310 14715 15006
5881 633414 1 1 1 1 1 7 7 7 7 7 34 34 34 34 34 160 164 164 164 165 648 713 779 780 792
543 3286040 11 11 11 11 11 38 38 38 38 38 190 190 190 190 190 875 909 926 926 926 3397 3860 4085 4150 4163
1519 402159 6 6 6 6 6 11 11 11 11 11 27 27 27 27 27 87 115 116 116 116 291 497 528 528 528
2913 478391 3 3 3 3 3 10 10 10 10 10 35 35 35 35 35 138 140 140 140 141 530 569 599 599 622
8313 2004072 7 7 7 7 7 36 36 36 36 36 135 136 136 136 136 568 599 601 601 601 1975 2401 2493 2533 2541
7243 193558 3 3 3 3 3 7 7 7 7 7 15 15 15 15 15 53 53 53 53 53 196 213 239 242 242
6733 4493312 15 15 15 15 15 61 61 61 61 61 280 280 281 281 281 1100 1159 1220 1220 1221 4099 4800 5432 5515 5562
4587 1540900 3 3 3 3 3 21 21 21 21 21 106 108 108 108 108 405 427 436 436 436 1503 1772 1885 1900 1930
9649 259248 3 3 3 3 3 5 5 5 5 5 19 19 19 19 19 76 78 79 79 79 289 323 344 350 350
6439 2563665 15 15 15 15 15 47 47 47 47 47 178 178 178 178 178 718 724 728 728 736 2814 3060 3180 3212 3319
3569 1481853 7 7 7 7 7 23 23 23 23 23 108 110 111 111 111 420 426 435 435 435 1614 1765 1853 1872 1889
3171 367071 1 1 1 1 1 3 3 3 3 3 17 17 17 17 17 63 65 82 82 82 220 284 422 425 429
9447 1017819 3 3 3 3 3 17 17 17 17 17 70 70 70 70 70 300 305 313 314 314 1124 1272 1327 1362 1362
4693 6474911 12 12 12 12 12 66 66 66 66 66 367 368 368 375 375 1582 1630 1651 1735 1737 6044 6957 7373 7907 7948
8479 874738 5 5 5 5 5 11 11 11 11 11 57 57 61 61 61 177 196 211 215 215 726 889 1011 1076 1079
4947 89001 2 2 2 2 2 4 4 4 4 4 10 10 10 10 10 24 24 24 24 24 93 118 123 123 123
1627 32925814 81 89 89 89 89 391 438 438 438 438 1705 1986 2036 2038 2039 7325 8762 9124 9173 9226 27628 36610 39758 40697 41158
8609 2305903 4 4 4 4 4 39 39 39 39 39 157 162 162 162 162 630 659 668 669 669 2327 2629 2749 2803 2846
2903 1066562 4 4 4 4 4 21 21 21 21 21 82 82 82 82 82 286 295 297 297 308 966 1160 1244 1263 1385
9437 708766 3 3 3 3 3 11 11 11 11 11 47 47 47 47 47 185 191 194 194 194 675 755 817 832 834
557 4534073 14 14 14 14 14 69 69 69 69 69 295 296 304 304 305 1207 1259 1311 1311 1337 4320 4975 5435 5518 5650
8629 977248 4 4 4 4 4 12 12 12 12 12 73 73 73 73 73 281 283 284 284 284 1060 1166 1209 1260 1262
1359 1317238 7 7 7 7 7 26 26 26 26 26 93 93 93 93 93 412 422 423 423 423 1385 1593 1622 1643 1644
1551 325148 3 3 3 3 3 8 8 8 8 8 19 19 19 19 19 98 99 99 99 100 338 403 421 424 439
9099 2068681 8 8 8 8 8 25 25 25 25 25 116 117 117 117 117 527 580 580 587 587 1926 2393 2458 2526 2549
2863 882030 5 5 5 5 5 13 13 13 13 13 55 55 55 55 55 253 255 255 264 264 891 985 1026 1092 1095
5069 512072 2 2 2 2 2 8 8 8 8 8 31 31 31 31 31 129 134 134 134 143 490 562 580 597 652
6869 191836 2 2 2 2 2 5 5 5 5 5 10 10 10 10 10 56 62 62 62 62 192 239 242 252 252
9401 3105754 8 8 8 8 8 37 37 37 37 37 186 191 191 191 191 810 863 871 871 872 3272 3743 3939 3953 3967
5451 12945548 45 45 45 45 45 180 180 180 180 180 778 785 787 787 787 3308 3487 3553 3578 3595 12426 14503 15438 15868 16127
7933 2271872 5 5 5 5 5 27 27 27 27 27 140 141 141 141 141 563 602 613 615 615 2176 2538 2699 2763 2770
1883 2031470 11 11 11 11 11 34 34 34 34 34 133 133 133 133 133 543 554 560 567 568 2058 2331 2430 2524 2560
9111 214143 1 1 1 1 1 4 4 4 4 4 12 12 12 12 12 64 69 69 69 69 208 269 278 279 279
7853 564789 2 2 2 2 2 9 9 9 9 9 36 36 36 36 36 169 169 170 170 170 638 696 711 711 721
4327 1955985 10 10 10 10 10 41 41 41 41 41 145 145 145 145 145 527 549 553 553 564 1855 2195 2345 2392 2514
4311 349484 1 1 1 1 1 5 5 5 5 5 28 28 28 28 28 90 92 92 92 92 341 402 440 457 458
2207 1829622 5 5 5 5 5 26 28 28 28 28 84 108 110 110 110 344 476 495 496 498 1269 1997 2203 2244 2287
1267 2559919 6 6 6 6 6 40 40 40 40 40 164 168 175 175 175 624 652 692 698 703 2417 2746 3017 3096 3141
7531 672520 3 3 3 3 3 9 9 9 9 9 39 39 39 39 39 177 177 193 193 193 675 716 797 806 807
4811 7100341 15 15 15 15 15 100 100 100 104 104 444 449 451 481 481 1794 1910 1929 2077 2079 6698 7913 8174 9110 9154
8149 367496 3 3 3 3 3 9 9 9 9 9 24 24 24 24 24 93 93 93 93 93 369 406 425 426 438
4297 130172 2 2 2 2 2 4 4 4 4 4 17 17 17 17 17 46 46 46 46 46 159 184 190 190 190
6009 474732 3 3 3 3 3 8 8 8 8 8 32 32 32 32 32 156 156 156 156 156 547 580 598 608 609
1309 1646008 3 3 3 3 3 30 30 30 30 30 121 121 121 121 121 466 474 474 480 485 1650 1867 1939 2025 2072
4987 4164931 9 9 9 9 9 39 39 39 39 39 235 236 238 239 239 1031 1069 1100 1132 1135 3907 4547 4881 5099 5125
2857 2380997 3 3 3 3 3 29 34 34 34 34 128 153 153 153 155 484 617 624 625 651 1706 2491 2660 2715 2846
5933 10948098 28 28 28 28 28 152 152 152 152 152 665 672 672 681 681 2878 3014 3053 3129 3139 10688 12335 13033 13731 13851
4953 2809464 6 6 6 6 6 34 34 34 34 34 170 179 179 179 179 707 758 768 770 773 2596 3120 3305 3387 3435
2023 2264122 5 5 5 5 5 39 39 39 39 39 160 160 160 160 160 608 624 641 641 641 2211 2584 2770 2807 2823
1091 966354 2 2 2 2 2 13 13 13 13 13 56 56 56 56 56 250 274 276 283 283 863 1080 1126 1190 1194
2841 241182 2 2 2 2 2 4 4 4 4 4 22 22 22 22 22 72 73 73 73 73 253 280 288 292 293
7457 307310 1 1 1 1 1 7 7 7 7 7 24 24 24 24 24 87 89 89 89 89 338 369 384 384 391
981 1638553 6 6 6 6 6 27 27 27 27 27 89 89 89 90 90 388 397 398 424 424 1519 1805 1917 2053 2056
2067 1448030 3 3 3 3 3 18 18 18 18 18 84 86 86 86 86 373 415 417 418 418 1344 1702 1776 1801 1817
5541 537272 1 1 1 1 1 4 4 4 4 4 30 30 30 30 30 124 137 137 137 137 507 593 630 667 668
7167 219668 1 1 1 1 1 7 7 7 7 7 18 18 18 18 18 60 61 61 61 61 221 255 260 261 261
4537 1551477 5 5 5 5 5 22 22 22 22 22 109 109 109 109 109 430 438 442 442 447 1576 1829 1912 1922 1968
1587 18505632 50 50 50 50 50 252 252 252 252 252 1119 1146 1149 1152 1154 4722 5083 5150 5193 5243 17788 21270 22319 22788 23184
3473 11363646 25 25 25 25 25 148 148 148 148 148 679 687 689 691 693 2787 2917 2988 3025 3077 10603 12333 13229 13717 14114
9253 1695774 6 6 6 6 6 32 32 32 32 32 122 122 122 122 122 449 457 469 469 469 1652 1900 2014 2115 2118
8101 1021884 2 2 2 2 2 7 7 7 7 7 49 49 50 50 50 236 241 255 255 255 976 1144 1257 1286 1296
113 18850223 64 64 64 64 64 257 257 257 257 257 1118 1157 1159 1165 1165 4758 5071 5152 5238 5255 18125 21428 22582 23290 23568
9653 1427426 2 2 2 2 2 15 15 15 18 18 72 72 76 100 100 254 256 289 388 388 1069 1187 1354 1802 1807
759 8915901 25 25 25 25 25 124 124 124 124 124 534 540 540 549 549 2339 2449 2486 2560 2570 8652 10006 10609 11240 11338
8623 2933686 8 8 8 8 8 37 39 39 39 39 144 168 171 171 171 588 721 763 764 766 2262 3117 3562 3617 3668
7103 2797811 9 9 9 9 9 37 37 37 37 37 188 188 188 188 188 790 822 828 828 828 2917 3313 3472 3515 3524
8879 3018957 10 10 10 10 10 41 41 41 41 41 209 209 209 209 209 865 902 908 908 908 3208 3653 3813 3856 3865
7517 629970 2 2 2 2 2 6 6 6 6 6 34 34 34 34 34 160 162 164 166 167 585 656 714 740 767
5379 3194006 5 5 5 5 5 42 42 42 42 42 201 201 201 201 201 901 914 916 917 917 3437 3822 3950 4005 4028
3059 662019 3 3 3 3 3 8 8 8 8 8 34 36 36 36 36 167 185 192 192 192 671 772 812 818 818
2257 907901 2 2 2 2 2 16 16 16 16 16 65 65 65 65 65 247 247 247 247 251 927 1043 1059 1067 1140
5389 1482200 5 5 5 5 5 20 20 20 20 20 100 100 100 100 100 443 459 462 464 464 1561 1808 1877 1920 1931
9849 12482797 32 32 32 32 32 158 158 158 158 158 787 789 795 795 795 3346 3494 3551 3566 3574 12330 14427 15259 15649 15793
2497 185512 2 2 2 2 2 6 6 6 6 6 14 14 14 14 14 55 55 55 55 55 222 227 233 233 233
7477 319531 2 2 2 2 2 5 5 5 5 5 18 18 18 18 18 82 89 89 89 89 315 358 362 379 380
437 7515992 21 21 21 21 21 91 92 92 92 92 442 451 451 451 451 1939 2058 2095 2102 2105 7399 8606 9122 9297 9343
1623 3601602 9 9 9 9 9 44 44 44 44 44 212 219 219 220 220 840 942 950 962 967 3262 4127 4311 4494 4558
2311 635935 2 2 2 2 2 11 11 11 11 11 38 39 39 39 39 134 165 165 166 166 527 789 801 828 830
4877 3721682 6 6 6 6 6 34 34 34 34 34 205 205 205 205 205 950 984 1010 1027 1027 3780 4252 4574 4725 4759
2963 122385 3 3 3 3 3 5 5 5 5 5 14 14 14 14 14 49 49 49 49 49 151 157 159 164 166
8551 341641 1 1 1 1 1 6 6 6 6 6 25 25 25 25 25 110 113 114 114 114 399 428 442 444 447
2691 1260638 2 2 2 2 2 10 10 10 10 10 70 70 70 70 70 316 338 356 358 358 1204 1397 1565 1593 1607
1399 16629021 58 58 58 58 58 257 257 257 257 257 995 1004 1011 1012 1012 4338 4562 4667 4725 4757 16240 18915 20111 20652 20956
6471 197795 1 1 1 1 1 4 4 4 4 4 18 18 18 18 18 62 67 67 67 67 205 262 263 265 265
5537 1728591 5 5 5 5 5 23 23 23 23 23 111 111 111 113 113 435 457 459 488 488 1695 1999 2076 2256 2258
6427 2483505 7 7 7 7 7 30 30 30 30 30 140 143 143 143 143 662 695 704 704 705 2524 2945 3066 3113 3143
2883 3243099 10 10 10 10 10 39 39 39 39 39 206 208 208 208 208 870 902 917 928 928 3180 3692 3926 4099 4120
6301 315129 2 2 2 2 2 6 6 6 6 6 19 19 19 19 19 91 91 93 93 93 340 359 387 389 389
3091 318246 2 2 2 2 2 6 6 6 6 6 26 26 26 26 26 96 98 98 98 98 368 429 431 434 434
5303 3276298 6 6 6 6 6 30 30 30 30 30 164 170 178 179 179 778 834 895 911 911 2858 3430 3815 3962 3977
6421 149816 1 1 1 1 1 3 3 3 3 3 16 16 16 16 16 36 37 37 37 37 134 163 172 172 173
3499 5156729 9 9 9 9 9 62 62 62 62 62 326 333 334 334 334 1372 1467 1487 1500 1504 5009 5905 6215 6410 6469
5113 2594769 2 2 2 2 2 22 22 22 22 22 139 139 139 139 139 651 681 701 713 713 2541 2918 3153 3268 3294
8413 3571504 8 8 8 8 8 44 44 44 44 44 211 218 218 218 218 898 970 972 986 987 3341 4019 4274 4411 4448
2917 447430 3 3 3 3 3 6 6 6 6 6 18 18 18 18 18 88 111 111 111 111 373 520 527 540 540
3273 1725176 4 4 4 4 4 33 33 33 33 33 130 130 130 130 130 493 502 502 508 513 1734 1972 2044 2131 2178
5621 3297728 5 5 5 5 5 45 45 45 45 45 204 205 205 212 212 852 871 891 936 937 3337 3722 3934 4198 4243
5441 747243 1 1 1 1 1 4 4 4 4 4 36 40 40 40 40 180 203 205 205 210 705 933 971 973 1001
9407 417860 1 1 1 1 1 4 5 5 5 5 19 23 23 23 23 105 123 123 123 123 388 514 518 518 521
7877 2022303 3 3 3 3 3 25 25 25 25 25 134 134 134 134 134 517 537 546 549 549 1983 2280 2409 2471 2492
637 1463889 5 5 5 5 5 29 29 29 29 29 100 100 100 100 100 410 418 421 424 424 1545 1721 1793 1850 1861
1299 5833266 14 14 14 14 14 73 73 75 75 75 330 333 341 341 343 1428 1477 1524 1559 1575 5548 6386 6779 7128 7249
2111 1300628 3 3 3 3 3 15 15 15 15 15 68 68 68 68 68 305 318 319 328 335 1211 1413 1460 1525 1600
1731 2820103 10 10 10 10 10 45 45 45 45 45 202 203 203 203 203 783 816 822 822 827 2891 3372 3543 3562 3612
2269 1102887 2 2 2 2 2 20 20 20 20 20 81 81 81 81 81 299 304 304 304 306 1179 1334 1379 1400 1422
9557 1134691 1 1 1 1 1 5 5 5 5 5 50 53 53 53 53 233 266 304 304 304 909 1146 1336 1358 1364
6577 2306655 6 6 6 6 6 28 29 29 29 29 132 144 144 144 144 564 655 675 680 681 2024 2583 2808 2890 2908
4033 2415420 10 10 10 10 10 35 35 35 35 35 161 161 161 161 161 668 671 715 729 729 2493 2749 3050 3135 3162
9829 1400834 4 4 4 4 4 20 20 20 20 20 88 91 91 91 91 299 329 337 337 343 1153 1450 1556 1594 1630
3921 492135 1 1 1 1 1 8 8 8 8 8 31 31 31 31 31 139 139 139 141 148 515 559 565 582 609
4183 1512398 6 6 6 6 6 25 25 25 25 25 96 96 96 96 96 421 435 438 447 447 1564 1763 1833 1886 1893
5009 293064 3 3 3 3 3 7 7 7 7 7 21 21 21 21 21 82 83 83 83 83 327 358 365 366 366
2469 978894 2 2 2 2 2 15 15 15 15 15 75 75 75 75 75 280 281 287 287 287 1100 1197 1265 1279 1279
3247 1087763 5 5 5 5 5 16 16 16 16 16 68 68 74 74 74 259 285 317 317 317 905 1111 1390 1399 1405
3049 977849 6 6 6 6 6 22 22 22 22 22 62 62 62 62 62 254 258 262 265 266 984 1129 1184 1250 1261
2807 1797929 8 8 8 8 8 28 28 28 28 28 106 106 106 106 106 454 490 492 493 497 1742 2108 2186 2209 2275
5761 20664 1 1 1 1 1 2 2 2 2 2 5 5 5 5 5 12 12 12 12 12 34 34 34 34 34
2739 546508 3 3 3 3 3 10 10 10 10 10 42 42 42 42 42 137 142 146 146 146 532 611 680 690 690
6587 3347419 11 11 11 11 11 43 43 43 43 43 197 198 198 198 198 880 927 933 934 934 3363 3856 4083 4156 4162
5589 984809 2 2 2 2 2 11 11 11 11 11 73 73 73 73 73 291 307 307 307 307 1042 1191 1216 1251 1257
6307 383303 1 1 1 1 1 6 6 6 6 6 26 26 26 26 26 112 112 112 112 112 448 481 501 503 515
1881 343880 3 3 3 3 3 8 8 8 8 8 21 21 21 21 21 78 78 95 95 95 282 299 401 403 404
9927 2293278 4 4 4 4 4 22 22 22 22 22 136 137 137 137 137 543 572 584 587 591 2161 2524 2676 2719 2739
2209 2377893 7 7 7 7 7 30 30 30 30 30 148 148 148 148 148 609 627 639 649 649 2284 2598 2802 2899 2901
4153 7506606 21 21 21 21 21 90 90 90 90 90 451 452 456 456 462 1824 1900 1954 1979 2024 7095 8149 8700 8935 9290
1171 254924 3 3 3 3 3 8 8 8 8 8 25 25 25 25 25 82 82 82 82 82 292 326 347 348 348
4783 1336377 5 5 5 5 5 19 19 19 19 19 82 82 82 82 82 373 373 384 386 387 1420 1542 1652 1674 1692
873 25264593 70 72 72 72 72 330 347 347 347 347 1401 1515 1558 1560 1560 6002 6704 6971 7015 7038 22798 28148 30452 31206 31463
1127 2059711 6 6 6 6 6 39 39 39 39 39 138 138 138 138 138 576 583 592 592 593 2226 2441 2576 2598 2624
6201 18260990 24 24 24 46 46 118 118 119 245 245 560 563 569 1104 1104 2367 2538 2619 5117 5126 8997 10699 11504 22829 23058
9243 1853088 3 3 3 3 3 16 16 16 16 16 105 105 105 105 105 490 504 508 510 510 1853 2139 2299 2355 2379
9931 399800 2 2 2 2 2 6 6 6 6 6 23 23 23 23 23 88 92 93 93 93 371 424 467 492 499
4073 3248838 13 13 13 13 13 53 53 53 53 53 214 214 214 220 220 912 927 939 971 971 3330 3701 3889 4153 4171
6303 11979939 30 30 30 30 30 155 155 155 155 155 750 752 758 758 758 3180 3321 3378 3393 3401 11756 13806 14612 15000 15144
7177 4824569 19 19 19 19 19 66 66 66 66 66 286 286 292 292 292 1276 1324 1384 1384 1397 4829 5480 5969 6059 6193
317 10303451 28 28 28 28 28 126 126 126 126 126 636 637 641 641 647 2619 2719 2779 2807 2855 10017 11412 12090 12386 12810
5883 3458479 5 5 5 5 5 31 31 32 32 32 194 195 208 208 208 802 830 931 940 941 3085 3527 4187 4314 4366
2369 3917124 9 9 9 9 9 39 39 39 39 39 197 201 206 208 208 868 956 1015 1047 1047 3276 4106 4624 4826 4856
4453 2417089 8 8 8 8 8 30 30 30 30 30 165 165 165 166 166 607 646 648 664 666 2294 2711 2829 2965 2997
1039 4049170 13 13 13 13 13 53 53 53 53 53 225 228 228 228 230 971 1013 1020 1045 1060 3854 4448 4626 4891 5005
8999 2630107 5 5 6 6 6 21 21 29 29 29 129 129 163 163 163 520 549 737 738 738 1993 2388 3283 3334 3351
7619 773898 2 2 2 2 2 16 16 16 16 16 55 55 55 55 55 186 187 201 201 205 693 809 901 923 973
167 21947772 55 55 55 55 55 263 268 283 283 283 1262 1299 1383 1383 1385 5233 5606 6106 6136 6166 19642 23247 26650 27203 27574
4817 4802519 5 5 5 5 5 38 38 38 38 38 288 289 294 294 294 1199 1234 1301 1310 1312 4675 5319 5830 5970 6008
4233 22185525 62 62 62 62 62 257 257 257 258 258 1195 1212 1236 1256 1256 5298 5624 5872 6045 6071 20308 24049 26214 27363 27644
311 2763193 6 6 6 6 6 41 41 41 41 41 192 198 198 198 198 716 799 810 810 810 2597 3265 3463 3501 3505
121 1571007 9 9 9 9 9 28 28 28 28 28 103 103 103 103 103 401 422 434 435 437 1507 1756 1892 1921 1965
8807 714424 1 1 1 1 1 3 3 3 3 3 22 22 22 22 22 140 141 173 173 173 560 625 841 855 868
#resid 241942 241740 241631 242347 242335
