# q=5 mode=cyc roots=300 cp_lo=4 cp_hi=10 buf_lo=9 buf_hi=15 seed=2026
# root nvisited then n_cp*n_buf cumulative counts N(val<=cp[ci], pmax<=buf[bi]) row-major ci,bi
1077 334596680 60 60 60 60 60 60 60 233 233 233 233 233 233 233 1060 1070 1073 1073 1073 1073 1073 4367 4621 4717 4734 4734 4740 4740 16562 19642 20712 21039 21106 21191 21199 43584 74137 86436 91077 92751 93790 94103 43584 195659 326374 381584 403664 414772 419538
1699 32732192 4 4 4 4 4 4 4 17 17 17 20 20 20 20 80 80 80 105 105 105 105 320 320 344 455 455 455 455 1174 1304 1441 1972 1981 1996 1996 3116 4969 6055 8698 8887 9035 9057 3116 13080 22992 36806 39080 40440 40741
303 26467684 7 7 7 7 7 7 7 22 22 22 22 22 22 22 95 95 95 95 95 95 95 363 363 376 376 376 377 377 1362 1453 1579 1611 1616 1632 1632 3649 5506 6778 7187 7341 7462 7464 3649 14509 25464 29921 31856 32895 33042
9511 6800637 2 2 2 2 2 2 2 6 6 6 6 6 6 6 23 23 23 23 23 23 23 90 100 107 107 107 107 107 316 396 427 429 429 429 429 829 1497 1809 1875 1904 1928 1928 829 3967 6882 7983 8389 8649 8711
2921 40087689 9 9 9 9 9 9 9 32 32 32 32 32 32 32 122 123 123 123 123 123 123 499 540 546 547 547 548 548 1886 2309 2447 2475 2496 2515 2515 4924 8656 10428 10935 11146 11378 11423 4924 22863 39359 45619 48248 50085 50625
9989 14109426 2 2 2 2 2 2 2 13 13 13 13 13 13 13 50 50 50 50 50 50 50 183 194 194 194 194 195 195 712 847 876 898 900 909 909 1934 3197 3612 3834 3909 3949 3959 1934 8419 13725 16205 17204 17612 17835
9469 10150666 3 3 3 3 3 3 3 18 18 18 18 18 18 18 44 44 44 44 44 44 44 131 131 131 131 131 131 131 477 546 575 584 598 601 601 1259 1997 2352 2541 2678 2716 2724 1259 5323 9097 11003 12147 12529 12632
881 298614056 40 40 40 40 40 40 40 206 206 206 206 206 206 206 947 951 951 951 951 951 951 4013 4115 4176 4209 4219 4233 4233 15115 17256 18245 18660 18833 18960 18973 39832 65288 76602 81424 83528 84792 85010 39832 171616 287238 338526 361163 372481 375801
3817 3858355 3 3 3 3 3 3 3 7 7 7 7 7 7 7 25 25 25 25 25 25 25 67 67 67 67 67 67 67 256 268 269 272 272 273 273 653 974 1082 1107 1115 1132 1136 653 2478 4031 4573 4769 4916 4956
6823 75808642 14 14 14 14 14 14 14 54 54 54 54 54 54 54 216 216 219 219 219 219 226 920 956 1007 1008 1008 1008 1029 3512 4093 4472 4560 4569 4573 4698 9249 15349 18673 19978 20368 20563 21352 9249 40516 70282 83617 88522 90952 95352
5489 4858687 1 1 1 1 1 1 1 3 3 3 3 3 3 3 11 11 11 11 11 11 11 45 45 47 47 47 47 47 153 177 215 238 240 240 240 409 735 999 1210 1256 1262 1269 409 1974 3849 5330 5755 5859 5959
4229 24845181 1 1 1 1 1 1 1 8 8 8 8 8 8 8 53 57 57 57 57 57 57 247 292 295 302 302 302 302 1075 1438 1506 1551 1559 1562 1566 2890 5390 6291 6693 6864 6966 7017 2890 14253 23921 28349 29943 30956 31336
9383 144459607 16 16 16 16 16 16 16 105 105 105 106 106 106 106 442 444 444 460 460 460 460 1903 1957 1967 2063 2068 2068 2068 7263 8372 8630 9126 9195 9210 9211 19324 31790 36331 39819 40794 41141 41216 19324 84025 136947 166059 176332 180920 182424
1931 14184447 2 2 2 2 2 2 2 13 13 13 13 13 13 13 49 52 52 52 52 52 52 177 199 200 208 208 214 214 658 809 836 873 876 918 919 1679 2947 3396 3725 3791 4023 4033 1679 7827 12690 15691 16632 17938 18103
4409 2901905 4 4 4 4 4 4 4 10 10 10 10 10 10 10 25 25 25 25 25 25 25 64 66 66 66 66 66 66 197 216 216 218 220 220 220 517 721 798 846 894 896 896 517 1833 2911 3314 3682 3728 3746
3647 27902992 2 2 2 2 2 2 2 20 20 20 20 20 20 20 102 102 102 102 102 102 102 414 427 428 429 429 429 429 1536 1750 1798 1815 1819 1819 1821 4105 6502 7327 7712 7817 7845 7904 4105 17127 27641 32330 34095 34781 35345
9637 31830488 4 4 4 4 4 4 4 18 18 18 18 18 18 18 91 91 91 91 91 91 91 445 451 452 452 452 452 458 1672 1832 1923 1936 1943 1947 2014 4374 6899 8025 8414 8565 8662 8978 4374 18199 30314 35253 37267 38265 39811
9697 31913788 6 6 6 6 6 6 6 19 19 19 19 19 19 19 90 90 90 90 90 90 90 399 421 422 422 425 425 425 1553 1768 1851 1861 1921 1922 1922 4235 6960 8073 8353 8832 8913 8924 4235 18252 30367 34577 38179 39358 39640
8649 93645392 19 19 19 19 19 19 19 69 70 70 70 70 70 70 300 313 313 313 313 313 313 1161 1321 1337 1347 1349 1354 1354 4302 5487 5694 5840 5879 5970 5970 11418 20520 23505 25141 25803 26469 26504 11418 53896 87925 104451 111399 116449 117375
2967 8939603 4 4 4 4 4 4 4 11 11 11 11 11 11 11 35 35 35 35 35 35 35 123 125 130 130 130 130 130 465 517 555 574 575 575 575 1294 2008 2401 2551 2576 2587 2587 1294 5190 8894 10422 10904 11116 11174
1657 327067869 50 50 50 50 50 50 50 225 227 228 228 228 228 228 1015 1050 1063 1064 1064 1064 1064 4140 4430 4553 4572 4591 4601 4601 15217 18274 19518 19927 20176 20254 20294 39999 69362 82637 87923 90563 91635 92202 39999 182711 310760 367878 394193 405399 410898
4433 102489920 4 7 7 7 7 7 7 37 66 66 66 66 66 66 182 306 306 306 306 306 306 868 1367 1393 1396 1417 1417 1417 3265 5926 6257 6352 6536 6539 6539 8556 22228 25993 27523 28816 28970 29002 8556 58617 97523 114815 125290 127857 128965
7777 87980887 16 16 16 16 16 16 16 58 58 58 58 58 58 58 295 297 302 302 302 302 302 1254 1296 1331 1338 1338 1338 1338 4602 5266 5534 5602 5605 5614 5616 12157 20059 23380 24458 24764 24909 24997 12157 53084 87703 101504 107004 109040 110156
943 362788233 58 58 62 62 62 62 62 246 246 260 260 260 260 260 1056 1065 1157 1157 1157 1157 1157 4320 4507 5077 5103 5123 5131 5131 16368 18799 21998 22440 22687 22778 22804 43280 70924 92373 98613 101242 102333 102727 43280 186687 347161 410943 439286 451039 456063
6521 21467804 3 3 3 3 3 3 3 10 10 10 10 10 10 10 46 51 51 51 51 51 51 199 267 273 274 274 274 274 792 1196 1268 1290 1293 1295 1296 2119 4654 5472 5808 5914 5964 5979 2119 12303 20625 24534 26128 26735 27007
2081 78347717 5 5 5 5 5 5 5 57 57 57 57 57 57 57 238 238 238 238 238 238 238 1034 1100 1111 1116 1116 1116 1116 3783 4512 4712 4813 4825 4839 4842 10025 17146 19966 21337 21750 21925 21993 10025 45643 75636 89436 94931 97322 98387
9753 19842934 1 1 1 1 1 1 1 15 16 16 16 16 16 16 57 64 64 64 64 64 64 268 302 313 313 313 313 313 1033 1274 1345 1359 1359 1359 1359 2645 4593 5337 5587 5659 5673 5679 2645 12226 20106 23240 24376 24822 24933
1069 43009508 4 4 4 4 4 4 4 32 32 32 32 32 32 32 128 130 130 130 130 130 130 507 546 547 547 547 549 551 1893 2354 2411 2433 2450 2525 2539 4903 9027 10335 10907 11205 11657 11765 4903 23809 39459 46628 49830 52629 53595
653 17670335 3 3 3 3 3 3 3 9 9 9 9 9 9 9 58 58 58 58 58 58 58 245 255 277 278 278 278 278 864 987 1093 1106 1113 1113 1114 2262 3771 4645 4866 4969 5033 5065 2262 9972 17233 19947 21187 21829 22149
1573 4844361 3 3 3 3 3 3 3 6 6 6 6 6 6 6 18 18 18 18 18 18 18 65 72 72 72 72 72 72 251 298 303 308 309 309 309 630 1059 1195 1313 1341 1349 1350 630 2795 4465 5587 6010 6091 6120
7977 84318119 15 15 15 15 15 15 15 61 61 61 61 61 61 61 289 296 296 296 296 296 296 1136 1238 1241 1253 1257 1257 1257 4320 5089 5185 5331 5412 5424 5433 11360 18971 21410 22795 23550 23793 23897 11360 50062 80523 94960 102312 105054 106256
4823 9313945 4 4 4 4 4 4 4 8 8 8 8 8 8 8 38 38 38 38 38 38 38 121 140 140 140 140 140 140 457 592 598 599 605 607 607 1149 2178 2433 2510 2564 2597 2601 1149 5838 9425 10680 11289 11612 11695
2579 6774964014 1042 1042 1042 1044 1044 1044 1044 4558 4595 4595 4623 4623 4623 4623 20237 20817 20965 21228 21253 21255 21257 85106 90875 92967 94676 95108 95276 95317 320453 380907 405292 419544 424315 426305 427018 843556 1435240 1695371 1826583 1878145 1900474 1909857 843556 3781895 6382491 7635392 8166435 8400661 8502446
9889 130975455 22 22 22 22 22 22 22 98 98 98 98 98 98 98 424 428 428 428 428 428 428 1657 1736 1761 1783 1790 1801 1801 6294 7291 7636 7881 8020 8126 8136 16604 27614 32246 34650 35950 36803 36988 16604 72430 120920 144157 156057 162206 164180
8811 2269068 2 2 2 2 2 2 2 4 4 4 4 4 4 4 9 9 9 9 9 9 9 22 22 22 22 22 22 22 99 100 107 120 120 120 120 233 335 454 561 568 568 568 233 852 1759 2485 2663 2693 2698
1491 7918978 6 6 6 6 6 6 6 11 11 11 11 11 11 11 38 38 38 38 38 38 38 108 119 119 119 122 122 122 368 446 451 454 485 490 490 920 1695 1867 1949 2119 2199 2199 920 4469 6998 8059 9129 9883 9952
1079 24188977 5 5 5 5 5 5 5 25 25 25 25 25 25 25 85 85 85 85 85 85 85 312 320 320 332 332 332 332 1138 1310 1336 1424 1446 1450 1450 3007 5022 5761 6430 6697 6735 6743 3007 13320 21700 27106 29156 29827 30041
3649 21318836 3 3 3 3 3 3 3 15 15 15 15 15 15 15 62 62 62 62 62 62 62 317 317 318 318 318 318 318 1176 1258 1282 1288 1289 1299 1302 3113 4832 5434 5666 5811 5930 5982 3113 12803 20724 23777 25338 26313 26777
7071 8588487 1 1 1 1 1 1 1 9 9 9 9 9 9 9 30 30 30 30 30 30 30 96 106 109 109 113 113 117 349 458 506 507 543 543 579 890 1670 1972 2027 2207 2223 2420 890 4408 7393 8372 9418 9610 10652
3721 23855140 3 3 3 3 3 3 3 13 13 13 13 13 13 13 87 87 87 87 87 87 87 328 342 343 343 343 343 343 1169 1362 1415 1427 1450 1455 1455 3111 5432 6253 6522 6778 6821 6843 3111 14414 23442 27166 29265 29860 30157
4049 29544796 5 5 5 5 5 5 5 16 16 16 16 16 16 16 96 96 96 96 96 96 96 433 447 447 447 447 447 447 1585 1837 1915 1927 1965 1967 1967 4095 6772 7749 8061 8364 8456 8476 4095 17607 28690 32898 35679 36786 37139
3927 17308072 2 2 2 2 2 2 2 5 5 5 5 5 5 5 33 35 35 35 35 35 35 182 209 214 214 214 214 214 713 994 1049 1068 1069 1093 1097 1923 3742 4388 4628 4669 4780 4804 1923 9994 16684 19642 20508 21451 21695
109 97912658 24 24 24 24 24 24 24 79 79 79 79 79 79 79 289 291 291 291 291 291 291 1153 1207 1215 1222 1255 1268 1268 4466 5247 5528 5653 5929 5994 5995 11832 19860 23194 24769 26465 26913 27028 11832 52655 88291 104828 116506 120564 122177
8309 44849721 4 4 4 4 4 4 4 36 36 36 36 36 36 36 137 139 145 145 145 145 145 540 574 614 615 615 615 618 2030 2550 2836 2891 2898 2907 2927 5241 9596 11722 12280 12510 12640 12735 5241 25097 43468 50516 53750 55343 56196
8129 11375901 1 1 1 1 1 1 1 4 4 4 4 4 4 4 31 31 32 32 32 32 32 136 146 155 158 158 158 158 526 595 654 693 693 693 693 1400 2236 2811 3131 3171 3176 3188 1400 5918 10640 13231 13921 14094 14198
7069 11455804 3 3 3 3 3 3 3 14 14 14 14 14 14 14 44 44 44 44 44 44 44 186 188 188 188 188 188 188 666 724 745 759 759 759 760 1757 2683 3057 3222 3269 3279 3304 1757 6972 11224 13153 13863 14121 14330
1401 41133804 6 6 6 6 6 6 6 27 27 27 27 27 27 27 140 152 152 152 152 152 152 517 582 586 586 586 586 586 2030 2497 2640 2666 2675 2695 2702 5368 9261 10809 11293 11533 11709 11778 5368 24165 40898 47333 50088 51647 52250
2793 17227087 2 2 2 2 2 2 2 11 11 11 11 11 11 11 50 50 50 50 50 50 50 230 231 231 234 234 234 234 889 994 1001 1022 1024 1025 1025 2359 3974 4385 4619 4668 4700 4714 2359 10634 16755 19670 20639 21171 21376
9041 1312159 1 1 1 1 1 1 1 3 3 3 3 3 3 3 8 8 8 8 8 8 8 23 23 23 23 23 23 23 83 89 91 91 91 91 91 199 282 303 319 323 323 323 199 745 1153 1426 1481 1495 1496
377 8521579 6 6 6 6 6 6 6 10 10 10 10 10 10 10 25 25 25 25 25 25 25 101 101 102 102 106 106 106 370 405 442 442 492 492 492 1004 1605 1928 1995 2339 2353 2359 1004 4298 7449 8536 10501 10668 10776
219 3227700 3 3 3 3 3 3 3 7 7 7 7 7 7 7 14 14 14 14 14 14 14 49 49 49 49 49 49 49 178 195 207 208 213 213 213 458 688 822 846 880 880 880 458 1722 3023 3537 3899 3952 3989
6749 14219355 3 3 3 3 3 3 3 8 8 8 8 8 8 8 47 47 47 47 47 47 47 202 205 205 205 205 205 205 748 825 850 857 867 867 871 2013 3051 3579 3724 3911 3926 3955 2013 7848 13506 15619 17119 17512 17795
4341 48490547 5 5 5 5 5 5 5 29 29 29 29 29 29 29 148 148 148 148 148 148 148 615 651 654 669 673 678 678 2225 2637 2761 2908 2943 2981 2983 5803 9857 11454 12639 13061 13406 13476 5803 25738 42759 52998 56953 59743 60455
5053 25981519 7 7 7 7 7 7 7 24 24 24 24 24 24 24 89 91 91 91 91 91 91 344 370 374 374 374 374 374 1235 1474 1546 1566 1568 1592 1600 3274 5643 6448 6845 6953 7137 7208 3274 14787 24312 28880 30492 32003 32572
4001 39780219 9 9 9 9 9 9 9 34 34 34 34 34 34 34 136 136 136 136 136 136 136 564 572 582 582 582 582 582 2197 2454 2577 2618 2620 2620 2620 5690 9158 10650 11313 11477 11515 11547 5690 24088 39709 46646 48956 49945 50387
8597 5408310 1 1 1 1 1 1 1 3 3 3 3 3 3 3 13 13 13 13 13 13 13 82 83 84 84 84 84 84 293 317 329 329 329 329 329 778 1129 1352 1404 1449 1456 1466 778 2943 5036 5816 6377 6488 6595
5583 4950129 5 5 5 5 5 5 5 9 9 9 9 9 9 9 23 23 23 23 23 23 23 79 79 79 79 79 79 79 242 274 280 293 293 293 294 595 997 1098 1244 1262 1265 1280 595 2731 4241 5450 5755 5857 5985
9399 8002066 1 1 1 1 1 1 1 3 3 3 3 3 3 3 22 22 22 22 22 22 22 126 131 131 131 131 131 131 434 489 520 527 527 529 529 1074 1762 2044 2162 2213 2244 2246 1074 4679 7773 9126 9681 9993 10068
9441 1627890 1 1 1 1 1 1 1 3 3 3 3 3 3 3 8 8 8 8 8 8 8 26 27 27 27 27 27 27 84 95 100 102 102 102 102 224 364 395 442 446 446 446 224 976 1534 1935 2095 2122 2130
357 17881579 3 3 3 3 3 3 3 7 7 7 7 7 7 7 59 59 59 59 59 59 59 232 237 237 237 237 237 237 867 1024 1085 1103 1120 1120 1120 2326 3839 4515 4845 4974 5028 5042 2326 10122 17108 20319 21799 22453 22647
3471 7878766 1 1 1 1 1 1 1 7 7 7 7 7 7 7 25 25 25 25 25 25 25 117 130 130 130 130 130 130 425 511 518 531 536 536 536 1058 1855 2052 2157 2228 2239 2260 1058 4799 7507 8745 9374 9605 9753
287 159034041 20 20 20 20 20 20 20 107 107 107 107 107 107 107 458 475 475 475 475 475 475 1958 2105 2136 2142 2164 2164 2164 7613 8961 9536 9706 9823 9848 9856 20464 34311 40555 42837 44016 44472 44701 20464 90038 153432 179816 191924 197017 199569
1483 43609648 7 7 7 7 7 7 7 29 29 29 29 29 29 29 152 152 152 152 152 152 152 600 608 623 623 623 623 623 2234 2479 2658 2701 2736 2744 2747 5851 9227 10935 11648 12061 12205 12248 5851 24401 41225 48812 52451 54026 54471
4203 18494225 1 1 1 1 1 1 1 10 10 10 10 10 10 10 49 57 57 57 57 57 57 217 264 274 274 274 274 274 782 1105 1212 1212 1213 1214 1214 2011 4150 5014 5162 5291 5341 5347 2011 11193 19015 21510 22888 23506 23615
8199 186133829 26 26 26 26 26 26 26 143 143 143 143 143 143 143 583 583 586 586 586 586 586 2548 2619 2671 2672 2676 2676 2676 9459 10891 11596 11706 11807 11824 11824 24901 41389 48916 51213 52368 52736 52878 24901 109018 183485 213165 226397 231760 233976
3017 162594038 25 25 25 25 25 25 25 103 103 103 103 103 103 103 514 540 540 540 540 540 540 2074 2275 2301 2313 2318 2319 2319 7777 9476 9935 10119 10236 10275 10285 20323 35425 41279 43668 44863 45464 45651 20323 93509 155443 182469 195338 201260 203510
8673 25530255 8 8 8 8 8 8 8 23 23 23 23 23 23 23 78 78 78 78 78 78 78 352 358 358 358 358 360 360 1331 1521 1563 1581 1594 1614 1614 3537 5814 6650 6978 7147 7288 7306 3537 15171 24676 28789 30688 31717 32075
9217 9356832 1 1 1 1 1 1 1 5 5 5 5 5 5 5 36 36 36 36 36 36 36 136 139 139 140 140 140 140 531 589 597 627 630 630 636 1360 2008 2207 2487 2538 2562 2607 1360 5273 8245 10518 11174 11506 11733
3799 7942544 2 2 2 2 2 2 2 5 5 5 5 5 5 5 27 27 27 27 27 27 27 106 106 106 106 106 106 106 399 455 458 469 470 470 470 1070 1805 1989 2157 2204 2218 2238 1070 4860 7738 9233 9774 9968 10143
481 104639366 15 15 15 15 15 15 15 83 83 83 83 83 83 83 333 335 335 335 335 335 335 1433 1485 1510 1530 1537 1537 1537 5393 6168 6442 6666 6720 6728 6733 14289 23460 26802 28876 29520 29754 29823 14289 61499 99928 119446 127197 130209 131368
9669 15977181 3 3 3 3 3 3 3 16 16 16 16 16 16 16 38 38 38 38 38 38 38 194 200 201 201 201 201 201 717 875 911 955 955 957 957 1988 3462 3997 4389 4428 4495 4495 1988 9169 15145 18399 19267 19924 20008
8521 23492778 2 2 2 2 2 2 2 16 16 16 16 16 16 16 70 70 70 70 70 70 70 300 300 301 314 314 314 314 1121 1220 1257 1407 1416 1416 1416 2947 4710 5365 6258 6442 6473 6496 2947 12390 20372 26429 28365 28915 29174
4429 5469977 2 2 2 2 2 2 2 6 6 6 6 6 6 6 16 16 16 16 16 16 16 60 60 72 72 72 72 72 221 250 327 345 345 345 345 579 922 1366 1540 1547 1553 1553 579 2388 5057 6346 6656 6829 6853
679 26783563 5 5 5 5 5 5 5 26 26 26 26 26 26 26 100 100 100 100 100 100 100 412 419 420 420 420 420 420 1482 1652 1696 1717 1720 1722 1722 3872 6086 6905 7287 7370 7438 7450 3872 16096 25835 30459 32030 33011 33311
1043 8426578 4 4 4 4 4 4 4 8 8 8 8 8 8 8 19 19 19 19 19 19 19 96 107 107 107 107 107 107 388 496 515 517 518 518 519 1011 1964 2226 2289 2331 2348 2368 1011 5222 8392 9532 10148 10397 10542
8687 20054835 2 2 2 2 2 2 2 8 9 9 9 9 9 9 42 63 63 63 63 63 63 168 292 292 295 295 295 299 573 1121 1141 1183 1188 1195 1233 1434 4162 4707 5074 5163 5222 5478 1434 11042 18164 21621 22992 23629 24921
687 110600024 20 20 20 20 20 20 20 84 84 84 84 84 84 84 363 363 363 363 363 363 363 1513 1548 1560 1566 1566 1566 1566 5727 6479 6716 6912 6951 6981 6981 15247 24853 28247 30130 30763 31136 31205 15247 65441 106189 125467 133534 137429 138793
2021 34948849 5 5 5 5 5 5 5 19 19 19 19 19 19 19 111 111 111 111 111 111 111 468 476 510 515 523 523 523 1705 1904 2133 2168 2192 2205 2205 4572 7174 8871 9338 9619 9770 9784 4572 18738 33932 39502 42238 43512 43914
8009 123493751 12 12 12 12 12 12 12 72 72 72 72 72 72 72 373 382 382 386 386 386 386 1538 1634 1646 1690 1697 1697 1697 5994 7069 7405 7690 7760 7762 7768 15865 26735 30900 33355 34205 34381 34544 15865 70471 116279 139797 148997 152368 154349
5183 42026825 10 10 10 10 10 10 10 32 32 32 32 32 32 32 124 126 126 126 126 126 126 549 572 575 578 580 580 580 2147 2411 2496 2581 2629 2649 2649 5730 9079 10379 11184 11552 11810 11832 5730 23935 38703 46459 49951 51894 52387
5891 2478968 2 2 2 2 2 2 2 4 4 4 4 4 4 4 14 14 14 14 14 14 14 43 43 43 43 43 43 43 153 161 162 168 168 168 168 376 565 600 653 673 681 684 376 1451 2262 2752 2921 3017 3034
5823 46795471 8 8 8 8 8 8 8 31 31 31 31 31 31 31 136 146 146 146 146 146 146 640 690 694 696 696 696 696 2362 2754 2877 2959 2978 2979 2991 6411 10438 12116 12874 13116 13196 13308 6411 27523 45669 53518 56780 57973 58933
2697 65279350 10 10 10 10 10 10 10 43 43 46 46 46 46 46 196 196 218 218 218 219 219 833 848 952 956 956 968 968 3002 3263 3865 4035 4050 4143 4148 7836 12162 16155 17484 17889 18470 18536 7836 31887 60783 72666 77650 81436 82320
7277 57927836 7 7 7 7 7 7 7 39 39 39 39 39 39 39 188 188 192 192 192 192 192 779 801 835 835 837 837 857 2881 3270 3537 3570 3609 3612 3716 7546 12111 14602 15202 15693 15843 16380 7546 31681 55031 63525 68166 69924 72804
797 418768013 66 66 66 66 66 66 66 306 306 306 306 306 306 306 1316 1332 1333 1337 1337 1337 1337 5596 5880 5962 6013 6018 6018 6018 21047 24327 25561 26301 26445 26518 26535 55316 91260 106384 114226 116673 117781 118151 55316 240313 400362 477679 507640 520921 526088
9661 1547018 1 1 1 1 1 1 1 4 4 4 4 4 4 4 11 11 11 11 11 11 11 29 30 30 30 30 30 30 76 93 102 102 102 102 102 204 334 415 431 433 433 433 204 858 1616 1895 1961 1986 1986
7801 25074415 10 10 10 10 10 10 10 30 30 30 30 30 30 30 103 105 105 105 105 105 105 331 362 369 369 369 370 370 1142 1452 1538 1561 1565 1595 1607 2990 5518 6413 6723 6834 7035 7104 2990 14518 24024 27713 29405 30736 31325
6517 3700990 1 1 1 1 1 1 1 4 4 4 4 4 4 4 11 11 11 11 11 11 11 45 59 59 59 59 59 59 175 233 238 238 241 241 241 510 912 992 1011 1065 1072 1074 510 2376 3608 4095 4528 4638 4673
927 272390149 51 51 51 51 51 51 51 203 206 206 206 206 206 206 807 872 872 887 887 887 889 3266 3679 3739 3829 3846 3846 3860 12422 15405 16293 17011 17174 17212 17339 32759 57890 68011 73790 75743 76384 77177 32759 152601 255281 307339 327779 335955 341637
7951 13222274 2 2 2 2 2 2 2 12 12 12 12 12 12 12 53 53 53 53 53 53 53 187 188 193 193 193 193 193 636 684 761 767 771 771 771 1700 2559 3318 3490 3558 3584 3585 1700 6816 12636 14968 15858 16300 16417
1763 17750110 4 4 4 4 4 4 4 13 13 13 13 13 13 13 57 57 57 57 57 57 57 252 256 256 256 258 258 258 924 1006 1027 1056 1084 1086 1088 2386 3774 4235 4503 4752 4790 4828 2386 10068 16244 19026 21021 21662 21968
2387 7623568 4 4 4 4 4 4 4 7 7 7 7 7 7 7 22 22 22 22 22 22 22 79 96 96 96 96 96 96 300 460 478 484 489 489 489 763 1730 1998 2062 2130 2135 2142 763 4519 7497 8553 9234 9428 9505
3353 63231200 16 16 16 16 16 16 16 47 47 47 47 47 47 47 192 194 194 194 194 194 194 858 887 908 908 908 908 908 3167 3605 3869 3963 3992 4000 4012 8219 13339 15933 17043 17542 17702 17802 8219 35463 60399 71261 76304 78175 79241
4071 2542868 3 3 3 3 3 3 3 6 6 6 6 6 6 6 13 13 13 13 13 13 13 40 40 40 40 40 40 40 151 165 169 169 169 169 169 413 593 687 720 735 737 737 413 1560 2659 2989 3158 3225 3227
9161 10897643 1 1 1 1 1 1 1 3 3 3 3 3 3 3 27 27 27 27 27 27 27 123 133 135 135 135 135 135 501 624 667 688 693 693 695 1358 2327 2803 2964 3048 3071 3102 1358 6185 10645 12431 13323 13637 13930
2439 40608018 5 5 5 5 5 5 5 34 34 34 34 34 34 34 144 144 144 144 144 144 144 564 582 582 582 582 582 582 2161 2452 2559 2578 2595 2604 2606 5686 9034 10550 10965 11229 11348 11379 5686 23785 39311 45390 48640 50174 50674
1729 52476810 14 14 14 14 14 14 14 44 44 44 44 44 44 44 169 169 169 169 169 169 169 676 689 691 692 697 697 697 2582 2943 3068 3147 3181 3183 3190 6756 11097 12954 13842 14298 14387 14472 6756 29289 49448 58993 63337 64798 65601
9419 4860035 1 1 1 1 1 1 1 7 7 7 7 7 7 7 18 18 18 18 18 18 18 52 62 64 65 65 65 65 179 220 247 258 261 261 261 515 866 1184 1263 1317 1338 1341 515 2244 4475 5272 5738 5983 6034
6369 6423305 1 1 1 1 1 1 1 2 2 2 2 2 2 2 14 14 14 14 14 14 14 77 82 82 82 82 82 82 289 340 353 354 356 356 356 775 1300 1551 1622 1659 1673 1681 775 3506 6156 7209 7748 7892 8005
8627 1627373 2 2 2 2 2 2 2 3 3 3 3 3 3 3 6 6 6 6 6 6 6 18 20 20 20 20 21 21 60 67 67 67 67 100 100 153 235 247 258 258 461 461 153 633 941 1050 1074 2102 2106
7001 334072613 53 53 53 53 53 53 53 234 235 237 237 237 237 237 992 1010 1037 1037 1037 1037 1037 4184 4475 4673 4684 4710 4718 4718 15924 18897 20480 20899 21226 21319 21376 41601 70688 85209 90499 93520 94611 95184 41601 185407 320179 376502 404425 416009 421532
1819 4499750 3 3 3 3 3 3 3 8 8 8 8 8 8 8 26 26 26 26 26 26 26 75 77 77 77 87 87 87 215 258 273 273 321 321 321 549 887 1009 1043 1225 1232 1233 549 2349 3754 4346 5394 5566 5606
7831 9688587 2 2 2 2 2 2 2 14 14 14 14 14 14 14 36 36 36 36 36 36 36 119 120 120 120 131 131 131 452 540 549 561 636 636 636 1148 1960 2269 2401 2738 2744 2749 1148 5221 8677 10248 11983 12133 12250
457 72584816 12 12 12 12 12 12 12 48 48 48 48 48 48 48 215 215 215 215 215 215 215 888 915 932 935 938 938 938 3395 3861 4138 4248 4284 4294 4308 8946 14964 17827 19187 19636 19830 20011 8946 39574 67797 81138 86480 88908 90410
8001 30375965 5 5 5 5 5 5 5 18 18 18 18 18 18 18 101 103 103 103 103 103 103 373 402 405 410 417 417 417 1427 1680 1790 1887 1935 1938 1938 3713 6167 7258 7995 8416 8498 8515 3713 16110 26957 33256 36693 37648 37930
8233 5547904 1 1 1 1 1 1 1 6 6 6 6 6 6 6 14 14 14 14 14 14 14 70 85 85 85 86 86 86 229 308 317 320 327 328 329 600 1163 1318 1381 1431 1439 1467 600 3137 5147 6020 6492 6688 6920
9781 38265367 7 7 7 7 7 7 7 39 39 39 39 39 39 39 136 136 136 136 136 136 136 540 559 560 562 567 569 569 2079 2340 2406 2432 2472 2492 2492 5549 8747 9862 10396 10768 10977 11002 5549 22930 36763 42948 46598 48280 48707
5717 12973874 1 1 1 1 1 1 1 9 9 9 9 9 9 9 38 39 39 39 39 39 39 172 185 185 189 189 189 189 683 807 838 881 882 883 883 1776 2986 3469 3716 3749 3767 3772 1776 7801 13084 15380 16071 16429 16558
6743 10166320 3 3 3 3 3 3 3 10 10 10 10 10 10 10 32 33 33 33 33 33 33 143 155 156 156 156 156 156 558 650 666 670 670 673 673 1508 2398 2738 2855 2880 2918 2919 1508 6213 10050 11776 12343 12655 12718
9087 1407128 1 1 1 1 1 1 1 4 4 4 4 4 4 4 7 7 7 7 7 7 7 29 29 29 29 29 29 29 97 97 98 98 99 99 99 271 331 372 376 393 393 393 271 856 1357 1514 1652 1682 1705
7451 158746326 27 27 27 27 27 27 27 128 128 128 128 128 128 128 529 529 529 529 529 529 529 2058 2169 2201 2213 2213 2214 2214 7769 9240 9733 9919 10015 10056 10073 20578 34830 40605 42925 44085 44652 44846 20578 91872 152423 178575 191039 196763 199197
8377 2737717 2 2 2 2 2 2 2 6 6 6 6 6 6 6 16 16 16 16 16 16 16 45 45 45 45 45 45 45 151 177 178 179 180 180 180 384 682 749 777 801 801 803 384 1844 2747 3107 3365 3397 3414
8013 5167958 1 1 1 1 1 1 1 4 4 4 4 4 4 4 17 17 17 17 17 17 17 68 68 68 68 68 68 68 250 283 301 304 304 304 309 641 1083 1291 1370 1374 1380 1428 641 2848 4906 5864 6118 6231 6514
819 58025168 7 7 7 7 7 7 7 44 44 44 44 44 44 44 185 185 185 185 186 186 186 812 824 837 845 856 857 857 3097 3449 3628 3718 3781 3794 3803 8021 12807 14893 15840 16338 16537 16621 8021 33544 55654 65181 69700 71817 72707
8003 2442051 1 1 1 1 1 1 1 4 4 4 4 4 4 4 10 10 10 10 10 10 10 41 41 41 41 41 41 41 151 151 160 161 161 161 161 386 562 651 679 694 694 694 386 1473 2499 2870 3022 3065 3073
389 386744422 46 46 46 46 46 46 46 237 242 242 242 242 242 242 1154 1177 1182 1182 1188 1188 1188 4920 5198 5317 5334 5375 5376 5380 18714 22023 23558 24005 24354 24389 24433 49451 83045 98717 104513 107658 108499 109050 49451 218889 371958 437373 467913 479369 485389
6349 11876255 1 1 1 1 1 1 1 9 9 9 9 9 9 9 44 44 44 44 44 44 44 141 154 154 154 155 155 155 591 719 743 758 770 770 770 1569 2714 3056 3234 3320 3342 3366 1569 7198 11572 13511 14408 14730 14910
5997 20603883 1 1 1 1 1 1 1 22 22 22 22 22 22 22 84 84 84 84 84 84 84 351 357 357 357 357 360 360 1258 1389 1404 1426 1431 1445 1445 3266 5056 5471 5745 5820 5954 5963 3266 13387 20513 23882 25174 26276 26484
6319 201660730 9 9 9 9 9 9 9 112 114 114 114 114 114 114 581 601 602 602 602 602 602 2634 2796 2825 2844 2845 2850 2850 10107 11929 12433 12655 12735 12819 12836 26690 44969 51886 54879 56173 57072 57324 26690 118239 194625 228124 242838 250871 253539
1271 4675986 2 2 2 2 2 2 2 6 6 6 6 6 6 6 19 19 19 19 19 19 19 65 72 72 72 72 72 72 213 276 281 283 284 284 284 555 1090 1206 1266 1281 1289 1289 555 2829 4531 5318 5577 5731 5763
3167 146337742 25 25 25 25 25 25 25 89 89 89 89 89 89 89 428 433 433 438 438 438 438 1882 1988 2029 2070 2070 2070 2070 7051 8423 8918 9195 9252 9256 9256 18535 31745 37085 39813 40710 40935 41019 18535 83725 140268 166807 177619 181492 183045
7499 4908663 1 1 1 1 1 1 1 6 6 6 6 6 6 6 23 23 23 23 23 23 23 82 83 83 83 83 83 83 314 334 337 341 346 346 346 842 1190 1267 1340 1401 1408 1414 842 3181 4683 5508 6021 6153 6227
7903 24661076 4 4 4 4 4 4 4 23 23 23 23 23 23 23 92 92 92 92 92 92 92 356 361 362 362 362 363 363 1267 1453 1526 1543 1543 1551 1551 3351 5400 6311 6637 6781 6863 6873 3351 14155 23836 27671 29640 30515 30757
5409 70979950 8 8 8 8 8 8 8 43 43 43 43 43 43 43 213 213 213 220 220 220 220 913 950 966 1011 1013 1014 1014 3453 3921 4093 4393 4447 4458 4458 9157 14720 16923 18959 19694 19828 19862 9157 38826 63750 79470 86090 88019 88658
2277 8022422 5 5 5 5 5 5 5 8 8 8 8 8 8 8 31 31 31 31 31 31 31 110 116 116 116 116 116 116 389 473 514 521 522 522 522 973 1697 2082 2218 2246 2252 2258 973 4586 8064 9389 9844 10019 10143
7401 34949680 8 8 8 8 8 8 8 22 22 22 22 22 22 22 84 85 85 85 85 85 85 429 449 456 456 456 456 456 1724 1953 2064 2081 2091 2109 2119 4546 7560 8830 9299 9501 9633 9732 4546 20412 33900 39608 41837 43058 43845
6027 1296780 2 2 2 2 2 2 2 5 5 5 5 5 5 5 10 10 10 10 10 10 10 28 28 28 28 28 28 28 91 93 95 95 96 96 96 232 312 351 369 382 382 382 232 805 1286 1508 1608 1613 1618
4911 232980431 27 27 27 27 27 27 27 145 145 145 145 145 145 145 674 680 695 695 697 697 697 2772 2962 3079 3101 3147 3159 3162 10784 12756 13761 14157 14512 14658 14688 28567 48058 57470 61582 64288 65410 65678 28567 126289 216544 256888 279310 288799 291912
2403 7759579 4 4 4 4 4 4 4 11 11 11 11 11 11 11 24 24 24 24 24 24 24 102 102 102 102 102 102 102 414 447 467 477 479 495 495 1053 1652 1904 2055 2102 2249 2249 1053 4308 7005 8492 8946 9815 9860
7963 3273848 2 2 2 2 2 2 2 4 4 4 4 4 4 4 13 13 13 13 13 13 13 43 43 45 45 45 45 45 183 193 223 223 223 223 223 462 698 900 932 933 935 935 462 1788 3390 3833 3952 4005 4027
4191 1355021 1 1 1 1 1 1 1 3 3 3 3 3 3 3 6 6 6 6 6 6 6 26 26 26 26 26 26 26 93 96 96 96 96 96 97 237 325 342 352 353 370 381 237 865 1314 1497 1526 1649 1727
5087 13739576 3 3 3 3 3 3 3 12 12 12 12 12 12 12 45 45 46 46 46 46 46 173 173 182 183 183 183 183 661 714 798 809 818 819 819 1695 2663 3352 3592 3715 3760 3767 1695 7003 12656 15245 16434 16907 17042
1477 159940744 17 22 22 22 22 22 22 70 99 99 99 99 99 99 340 502 514 514 518 518 518 1348 2100 2184 2202 2240 2246 2246 5043 8750 9400 9702 10074 10125 10148 13369 33137 39107 41929 44435 44898 45126 13369 87267 146561 174033 192640 197925 200397
499 24006769 4 4 4 4 4 4 4 10 10 10 10 10 10 10 56 58 58 58 58 58 58 283 310 310 310 310 310 310 1106 1404 1420 1430 1437 1442 1443 2901 5383 5977 6264 6468 6565 6597 2901 14281 22565 26344 28585 29573 29922
5491 100673910 21 21 21 21 21 21 21 76 76 76 76 76 76 76 348 349 350 350 350 350 350 1386 1423 1462 1462 1464 1464 1464 5145 5839 6253 6377 6421 6440 6463 13490 21862 26200 27644 28288 28510 28674 13490 57686 98357 115179 122618 125690 127230
9359 34935668 6 6 6 6 6 6 6 26 26 26 26 26 26 26 106 106 106 106 106 106 106 445 453 459 461 461 461 461 1733 1946 2066 2137 2142 2162 2162 4629 7397 8709 9417 9599 9800 9836 4629 19470 32604 39202 41683 43315 43903
9917 89149973 1 1 1 1 1 1 1 35 35 35 35 35 35 35 232 232 233 233 233 237 237 1097 1169 1182 1182 1182 1231 1231 4337 5196 5409 5477 5485 5701 5702 11352 19599 22296 23410 23839 24912 24985 11352 51825 84603 98443 104053 110534 111578
8359 24481424 3 3 3 3 3 3 3 19 19 19 19 19 19 19 78 78 78 78 78 78 78 322 343 345 345 346 346 346 1172 1383 1440 1451 1480 1480 1480 3032 5315 6140 6379 6624 6707 6725 3032 14030 23300 26998 29149 30175 30499
2461 268891568 47 47 47 47 47 47 47 194 194 194 194 194 194 194 782 796 796 797 797 797 797 3405 3637 3689 3718 3733 3735 3736 12837 15301 16127 16611 16774 16841 16859 33786 57936 67862 72652 74544 75395 75726 33786 153899 256541 304340 324503 333727 337542
8633 8874112 2 2 2 2 2 2 2 7 7 7 7 7 7 7 25 25 25 25 25 25 25 125 125 126 126 126 126 126 481 521 569 575 575 575 575 1311 1956 2411 2522 2544 2556 2572 1311 5139 9211 10701 11151 11309 11466
5661 5916603 2 2 2 2 2 2 2 11 11 11 11 11 11 11 25 25 25 25 25 25 25 77 88 89 89 89 89 89 255 320 352 352 372 372 372 641 1131 1411 1469 1624 1627 1627 641 3015 5404 6268 7223 7378 7417
139 297792858 44 44 44 44 44 44 44 188 188 188 188 188 188 188 849 865 869 869 876 879 879 3683 3931 4004 4020 4050 4065 4065 14007 16557 17686 17964 18289 18405 18421 37136 63000 75112 79458 82102 83213 83567 37136 166307 284547 333403 358902 369659 373835
9519 5222057 1 1 1 1 1 1 1 3 3 3 3 3 3 3 11 11 11 11 11 11 11 55 56 56 56 56 56 56 212 281 298 298 298 298 298 525 1097 1336 1380 1393 1423 1423 525 2935 5179 5945 6249 6492 6521
279 44979081 9 9 9 9 9 9 9 35 35 35 35 35 35 35 143 143 143 149 149 149 149 623 628 634 683 690 690 690 2217 2413 2536 2794 2854 2864 2868 5813 9017 10445 12005 12530 12620 12667 5813 23849 39749 50743 54995 56218 56785
3657 3223704 2 2 2 2 2 2 2 5 5 5 5 5 5 5 12 12 12 12 12 12 12 29 35 35 35 37 37 37 100 150 160 161 174 174 174 277 570 656 696 808 811 811 277 1519 2521 2998 3666 3748 3808
2437 33393891 4 4 4 4 4 4 4 23 23 23 23 23 23 23 100 100 100 100 100 100 100 423 435 441 441 441 441 441 1654 1868 1994 2023 2046 2046 2049 4449 7075 8567 9068 9372 9410 9467 4449 18670 32149 37733 40635 41364 41936
4849 31605200 6 6 6 6 6 6 6 21 21 21 21 21 21 21 92 92 92 92 92 92 92 434 442 443 443 443 450 450 1613 1839 1919 1957 1982 2017 2017 4280 6937 8002 8378 8622 8867 8886 4280 18341 30285 35212 37549 39098 39513
2761 81276515 10 10 10 10 10 10 10 60 60 60 60 60 60 60 273 275 275 275 275 275 275 1095 1124 1134 1142 1142 1142 1142 4141 4787 4999 5102 5118 5120 5122 10820 17846 20893 22303 22708 22803 22878 10820 46833 78692 93331 98573 100486 101415
6603 5256855 3 3 3 3 3 3 3 9 9 9 9 9 9 9 21 21 21 21 21 21 21 71 74 76 76 76 76 76 263 287 301 323 323 324 324 680 1035 1199 1394 1407 1434 1453 680 2780 4529 5847 6202 6453 6603
1189 3981587 4 4 4 4 4 4 4 7 7 7 7 7 7 7 19 19 19 19 19 19 19 61 61 61 61 62 62 62 203 227 227 237 242 242 242 499 785 898 960 1041 1048 1055 499 2081 3540 4245 4801 4930 4982
5027 37380233 7 7 7 7 7 7 7 31 31 31 31 31 31 31 118 118 118 118 118 118 118 423 451 464 486 486 486 486 1628 1897 2076 2228 2238 2254 2254 4263 7228 8771 9898 10061 10216 10241 4263 19048 33217 41916 44228 45831 46374
1703 63456948 16 16 16 16 16 16 16 55 55 55 55 55 55 55 212 215 215 215 215 215 215 759 809 818 825 826 826 826 3000 3518 3703 3827 3856 3861 3862 7807 13418 15635 16936 17390 17528 17543 7807 35590 59772 71753 76632 78694 79205
5881 396430832 41 41 41 41 41 41 41 246 248 248 248 255 255 255 1102 1183 1196 1196 1256 1256 1256 4564 5152 5313 5331 5620 5633 5633 17319 21420 23022 23403 25071 25281 25312 45516 79765 95370 101123 110214 111911 112327 45516 209405 358692 421964 478455 493503 498469
543 801396694 149 149 149 149 149 149 149 559 560 560 560 560 560 560 2395 2448 2461 2462 2463 2463 2463 10191 10860 11121 11157 11246 11271 11273 38716 45819 48695 49539 50296 50705 50761 102244 172236 202963 214599 221298 224846 225865 102244 453983 766514 898352 962623 995316 1006899
1519 18684172 5 5 5 5 5 5 5 20 20 20 20 20 20 20 70 70 70 70 70 70 70 270 277 277 284 286 286 286 1003 1115 1132 1180 1203 1208 1208 2661 4096 4649 5048 5247 5313 5325 2661 10654 17634 21193 22856 23432 23576
2913 6969127 2 2 2 2 2 2 2 13 13 13 13 13 13 13 36 36 36 36 36 36 36 101 111 122 122 122 122 122 316 400 472 480 480 480 480 839 1456 1881 1969 1987 1999 2011 839 3727 6881 7933 8245 8415 8556
8313 34921851 9 9 9 9 9 9 9 26 26 26 26 26 26 26 115 118 118 118 118 118 118 477 513 538 540 540 540 540 1740 2100 2291 2334 2364 2365 2365 4428 7749 9256 9709 10029 10100 10102 4428 20177 34675 40233 43232 44207 44408
7243 27774912 10 10 10 10 10 10 10 23 23 23 23 23 23 23 97 97 97 97 97 97 97 404 409 417 419 419 420 420 1376 1594 1661 1694 1694 1738 1738 3652 6006 6988 7430 7525 7760 7803 3652 15727 26263 31069 32567 34075 34538
6733 5254935 2 2 2 2 2 2 2 7 7 7 7 7 7 7 15 15 15 15 15 15 15 55 72 72 72 72 72 72 188 299 307 307 307 307 307 497 1172 1326 1355 1376 1386 1388 497 3096 5300 5995 6326 6520 6592
4587 23299840 6 6 6 6 6 6 6 21 21 21 21 21 21 21 71 71 71 71 71 71 71 348 348 354 355 359 359 359 1221 1345 1427 1451 1468 1469 1469 3157 5038 5934 6283 6426 6476 6483 3157 13416 22541 26481 28285 28976 29216
9649 67778836 5 5 5 5 5 5 5 41 41 41 41 41 41 41 181 181 181 181 181 181 181 889 899 928 936 938 938 948 3478 3837 4091 4209 4223 4228 4276 9432 14739 17371 18506 18901 18983 19278 9432 39243 65648 77395 81846 83321 85188
6439 65004510 4 4 4 4 4 4 4 37 37 37 37 37 37 37 200 200 200 200 200 200 200 868 906 917 917 925 925 925 3367 3838 4040 4083 4164 4170 4173 8895 14436 16904 17718 18319 18503 18582 8895 38154 63516 73341 79058 81057 81949
3569 37988094 3 3 3 3 3 3 3 18 18 18 18 18 18 18 108 108 108 108 108 108 108 460 478 480 481 481 483 483 1807 2055 2139 2218 2261 2277 2282 4747 7786 8982 9776 10289 10440 10503 4747 20581 34369 41467 45388 46941 47618
3171 133218747 14 14 14 14 14 14 14 78 78 78 78 78 78 78 402 406 406 406 406 406 406 1701 1832 1860 1868 1877 1877 1877 6509 7775 8232 8408 8485 8506 8509 17061 29123 34217 36329 37205 37602 37745 17061 76723 128776 151516 161230 165563 167350
9447 30941572 2 2 2 2 2 2 2 20 20 20 20 20 20 20 82 88 88 88 88 88 88 308 385 404 405 405 405 405 1206 1718 1872 1901 1903 1907 1918 3229 6616 8019 8443 8558 8626 8672 3229 17638 30737 35604 37459 38350 38745
4693 166049134 27 27 27 27 27 27 27 127 127 127 127 127 127 127 527 530 530 530 530 530 530 2187 2285 2331 2340 2341 2342 2347 8292 9593 10147 10422 10471 10503 10549 21762 36110 42365 45463 46280 46703 47098 21762 95368 159914 190502 201554 206564 209638
8479 80026560 9 9 9 9 9 9 9 54 54 54 54 54 54 54 288 288 288 288 288 288 288 1139 1177 1190 1192 1194 1194 1194 4333 4877 5068 5143 5177 5191 5205 11380 17943 20590 21681 22196 22418 22533 11380 47256 77278 89904 96120 98897 100152
4947 6147930 2 2 2 2 2 2 2 8 8 8 8 8 8 8 17 17 17 17 17 17 17 82 83 83 83 83 83 83 340 372 382 387 387 390 391 888 1340 1554 1676 1696 1720 1728 888 3571 5951 7062 7420 7654 7727
1627 18676302 3 3 3 3 3 3 3 9 9 9 9 9 9 9 28 41 41 41 41 41 41 117 192 199 200 200 200 200 440 894 968 1045 1094 1094 1106 1159 3445 4135 4651 5045 5067 5154 1159 9251 15485 19562 22194 22660 23241
8609 11244542 1 1 1 1 1 1 1 12 12 12 12 12 12 12 46 46 46 46 46 46 46 161 170 170 170 170 170 170 606 720 732 737 743 743 743 1544 2678 2989 3092 3171 3178 3188 1544 7182 11351 13011 13921 14101 14221
2903 19720757 3 3 3 3 3 3 3 16 16 16 16 16 16 16 65 65 65 65 65 65 65 223 228 231 245 245 245 245 806 941 1014 1121 1124 1138 1138 2202 3721 4527 5228 5329 5483 5508 2202 9939 17020 21940 23223 24361 24645
9437 11035130 1 1 1 1 1 1 1 7 7 9 9 9 9 9 22 22 33 33 33 33 33 89 89 153 153 158 158 158 283 304 624 625 656 660 660 822 1200 2864 2964 3113 3141 3159 822 3232 10805 12308 13457 13740 13913
557 13811006068 2204 2213 2216 2216 2216 2216 2216 9774 9857 9929 9929 9949 9952 9952 42174 43098 43676 43756 43962 43982 43986 175156 186422 191815 193375 195015 195236 195330 658931 779187 833877 854224 868255 871771 873383 1734086 2932386 3484711 3712927 3836391 3878631 3898104 1734086 7724650 13121441 15514750 16673853 17136035 17344901
8629 5478075 2 2 2 2 2 2 2 7 7 7 7 7 7 7 22 23 23 23 23 23 23 82 88 88 88 88 88 88 330 369 371 371 371 371 371 823 1295 1414 1472 1505 1516 1516 823 3385 5262 6134 6559 6730 6774
1359 14017246 5 5 5 5 5 5 5 14 14 14 14 14 14 14 39 39 41 41 41 41 41 162 166 195 202 202 202 202 534 639 803 867 868 868 868 1432 2421 3359 3807 3848 3872 3877 1432 6398 12718 16066 16837 17263 17398
1551 452354450 67 67 67 67 67 67 67 302 308 308 308 308 308 308 1350 1395 1397 1408 1408 1408 1410 5757 6188 6281 6404 6409 6421 6459 21904 25844 27165 28243 28460 28597 28817 57706 97078 113148 122423 125257 126685 128045 57706 255935 425145 510780 543712 558589 568884
9099 96461297 13 13 13 13 13 13 13 70 70 70 70 70 70 70 266 266 266 266 267 267 267 1181 1219 1258 1271 1295 1295 1295 4611 5306 5675 5904 6074 6088 6092 12185 20038 23852 25943 27182 27377 27462 12185 53237 90095 108393 118479 121176 122332
2863 6826349 3 3 3 3 3 3 3 10 10 10 10 10 10 10 29 29 29 29 29 29 29 104 105 105 105 105 105 105 348 395 413 420 421 421 421 872 1456 1681 1807 1851 1865 1866 872 3866 6201 7556 8115 8326 8364
5069 44097331 3 3 3 3 3 3 3 25 25 25 25 25 25 25 113 117 117 117 117 117 117 495 547 549 554 558 558 558 1947 2514 2649 2708 2777 2796 2801 5175 9316 11052 11760 12268 12398 12488 5175 24467 41666 48990 53423 54692 55491
6869 6728799 4 4 4 4 4 4 4 9 9 9 9 9 9 9 31 31 31 31 31 31 31 119 119 119 119 119 119 119 404 434 451 453 453 454 454 1017 1597 1837 1899 1934 1964 1969 1017 4171 6748 7707 8221 8439 8501
9401 105260772 19 19 19 19 19 19 19 72 72 72 72 72 72 72 335 342 342 342 342 342 342 1398 1504 1520 1520 1523 1523 1523 5374 6385 6630 6687 6734 6735 6744 14146 24081 27739 29203 29950 30134 30244 14146 63248 103720 121178 129174 132004 133329
5451 44777438 5 5 5 5 5 5 5 37 37 37 37 37 37 37 129 129 129 131 139 139 139 557 603 615 630 655 655 660 1946 2329 2495 2671 2780 2781 2804 5198 8931 10707 11935 12646 12724 12861 5198 23694 40576 49987 54746 55928 56903
7933 41730382 7 7 7 7 7 7 7 28 28 28 28 28 28 28 119 119 119 119 119 119 119 490 491 514 520 520 520 520 2042 2190 2403 2474 2515 2522 2522 5608 8359 10157 10931 11319 11429 11458 5608 22054 38800 46638 50195 51512 52068
1883 11781307 2 2 2 2 2 2 2 6 6 6 6 6 6 6 33 33 33 33 33 33 33 142 145 153 154 154 154 154 534 611 666 713 714 714 714 1443 2355 2855 3217 3253 3266 3270 1443 6199 10800 13656 14260 14604 14752
9111 11116463 2 2 2 2 2 2 2 10 10 10 10 10 10 10 34 34 34 34 34 34 34 141 149 149 149 150 150 150 542 675 691 697 716 717 717 1412 2560 2868 2974 3113 3122 3126 1412 6875 10844 12460 13648 13902 13992
7853 11665234 2 2 2 2 2 2 2 8 8 8 8 8 8 8 33 33 33 33 33 33 33 184 186 197 197 197 197 197 622 675 749 752 752 757 762 1680 2592 3175 3299 3337 3375 3431 1680 6834 11728 13507 14167 14488 14806
4327 51617022 8 8 8 8 8 8 8 30 30 30 30 30 30 30 167 167 167 167 167 167 167 669 686 691 694 699 699 699 2625 2928 3066 3157 3229 3232 3241 6995 11073 12786 13665 14246 14324 14466 6995 29206 47886 57082 62004 63242 64382
4311 107037904 14 14 14 14 14 14 14 79 81 81 81 81 81 81 296 316 318 318 318 318 318 1330 1494 1526 1526 1538 1538 1538 4897 6119 6486 6598 6722 6744 6753 12862 23132 27081 28584 29660 29926 30071 12862 61172 102054 119851 128985 132308 133925
2207 12507713 3 3 3 3 3 3 3 9 9 9 9 9 9 9 41 41 41 41 41 41 41 179 183 183 183 183 183 183 728 805 824 824 829 829 829 1844 2814 3255 3336 3421 3438 3442 1844 7471 12581 14295 15212 15662 15759
1267 46842304 12 12 12 12 12 12 12 40 40 40 40 40 40 40 171 174 174 174 174 174 174 634 672 698 698 703 703 703 2413 2768 2952 2996 3033 3036 3036 6339 10220 12025 12563 12983 13089 13133 6339 26803 45214 52605 56540 57998 58679
7531 24953113 3 3 3 3 3 3 3 13 13 13 13 13 13 13 55 55 55 55 55 55 55 316 320 323 324 324 324 324 1204 1382 1446 1474 1476 1495 1495 3125 5170 6232 6511 6658 6787 6820 3125 13783 23736 27648 29383 30588 30956
4811 10464127 3 3 3 3 3 3 3 15 15 15 15 15 15 15 41 41 41 41 41 41 41 157 158 158 159 159 159 159 553 609 617 646 646 646 646 1487 2381 2678 2922 2961 2964 2967 1487 6332 10099 12145 12789 13017 13129
8149 81051979 14 14 14 14 14 14 14 64 64 64 64 64 64 64 274 274 274 274 274 274 274 1115 1138 1144 1150 1152 1156 1156 4226 4720 4920 5024 5051 5087 5089 11117 17791 20626 22021 22509 22760 22872 11117 46959 77269 91690 97593 100267 101543
4297 386784663 53 53 53 53 53 53 53 243 244 245 245 245 245 245 1057 1086 1099 1130 1130 1130 1130 4616 5022 5147 5295 5308 5322 5323 17588 21299 22795 23832 24019 24142 24188 46510 80712 95795 104267 106564 108013 108584 46510 212299 359615 436169 463593 478014 483953
6009 14150149 2 2 2 2 2 2 2 12 12 12 12 12 12 12 49 51 51 51 51 51 51 206 218 219 219 221 221 221 747 861 904 904 925 925 925 2042 3224 3881 3967 4121 4129 4132 2042 8455 14606 16396 17756 18032 18140
1309 4618747 2 2 2 2 2 2 2 5 5 5 5 5 5 5 10 10 10 10 10 10 10 42 48 48 48 48 48 48 224 282 293 297 297 297 297 561 983 1185 1250 1254 1262 1263 561 2549 4609 5414 5592 5728 5800
4987 23877813 2 2 2 2 2 2 2 15 15 15 15 15 15 15 77 77 78 78 78 78 78 327 335 344 344 344 344 344 1193 1384 1520 1533 1566 1566 1566 3103 5274 6387 6702 6912 6934 6939 3103 13919 24131 27775 29627 30173 30400
2857 48640018 8 8 8 8 8 8 8 36 36 36 36 36 36 36 159 159 159 159 159 159 159 639 669 685 686 686 686 686 2473 2846 3043 3078 3105 3106 3108 6452 10727 12708 13428 13718 13799 13830 6452 28168 47534 55629 59164 60498 61062
5933 17591908 6 6 6 6 6 6 6 16 16 16 16 16 16 16 58 58 58 58 58 58 58 203 205 227 227 227 227 227 755 907 1036 1047 1055 1065 1067 2020 3509 4347 4571 4716 4774 4810 2020 9291 16496 19276 20816 21426 21747
4953 89646188 9 9 9 9 9 9 9 56 56 56 56 56 56 56 249 254 254 254 255 255 255 1063 1151 1163 1167 1182 1182 1182 3979 4951 5203 5379 5492 5513 5556 10595 18524 21662 23351 24331 24680 24940 10595 48950 82188 98556 106630 110103 112064
2023 14187549 2 2 2 2 2 2 2 7 7 7 7 7 7 7 37 37 42 42 42 42 42 140 143 186 186 187 187 187 559 615 842 852 873 873 874 1541 2357 3597 3769 3905 3918 3935 1541 6288 13700 15927 17337 17651 17791
1091 107389988 13 13 13 13 13 13 13 66 66 66 66 66 66 66 356 356 364 364 364 364 364 1475 1505 1561 1567 1567 1567 1567 5584 6332 6866 6943 6957 6973 6981 15012 23922 28792 30005 30436 30678 30788 15012 63128 108020 124664 131119 134294 135643
2841 55924689 10 10 10 10 10 10 10 37 37 37 37 37 37 37 169 170 170 170 170 171 171 713 736 737 743 744 756 756 2753 3116 3242 3403 3428 3496 3505 7276 11918 13748 15093 15451 15874 15937 7276 31266 51858 62726 66687 69865 70642
7457 5338719 3 3 3 3 3 3 3 7 7 7 7 7 7 7 19 19 19 19 19 19 19 83 83 83 83 83 83 83 302 307 326 341 341 341 341 855 1184 1400 1536 1549 1557 1557 855 3188 5240 6294 6573 6671 6697
981 41667697 11 11 11 11 11 11 11 40 40 40 40 40 40 40 135 140 142 142 142 142 142 525 578 610 613 614 614 614 1941 2352 2619 2703 2723 2724 2724 5101 8718 10623 11417 11685 11777 11801 5101 22928 39608 47665 50945 52157 52550
2067 332488179 20 20 44 44 44 44 44 79 79 211 211 211 211 211 336 336 1019 1020 1021 1021 1021 1453 1499 4570 4589 4611 4614 4614 5551 6382 20299 20600 20900 21024 21042 14606 24039 84149 89043 91820 93158 93460 14606 63470 317401 372690 399840 412895 417044
5541 5458976 2 2 2 2 2 2 2 7 7 7 7 7 7 7 14 14 16 16 16 16 16 56 60 74 74 74 74 74 225 278 368 368 368 368 368 583 1079 1556 1593 1605 1618 1618 583 2759 5569 6331 6554 6778 6792
7167 3442931 2 2 2 2 2 2 2 5 5 5 5 5 5 5 13 13 13 13 13 13 13 57 57 57 57 57 57 57 200 210 213 226 231 231 231 478 740 793 872 937 937 944 478 1915 2945 3539 4032 4099 4153
4537 10721873 4 4 4 4 4 4 4 8 8 8 8 8 8 8 39 39 39 39 39 39 39 163 169 169 169 169 169 169 590 676 682 692 692 692 692 1549 2504 2790 2986 3027 3035 3035 1549 6564 10470 12512 13129 13386 13418
1587 121577234 25 25 25 25 25 25 25 99 100 100 100 100 100 100 399 424 424 425 425 425 425 1584 1742 1760 1769 1769 1769 1769 5940 7179 7549 7677 7738 7762 7773 15543 26573 30942 32844 33597 33941 34125 15543 69920 117092 138129 147040 150758 152762
3473 17872386 4 4 4 4 4 4 4 16 16 16 16 16 16 16 46 46 46 46 46 46 46 213 214 216 216 216 216 216 888 1016 1103 1112 1120 1120 1120 2392 3828 4590 4802 4941 4955 4955 2392 10041 17327 20074 21615 22023 22185
9253 51217298 10 10 10 10 10 10 10 41 41 41 41 41 41 41 180 181 181 181 181 181 181 684 706 730 734 734 734 734 2576 2977 3165 3243 3251 3253 3261 6716 11124 13154 13957 14214 14315 14387 6716 29191 49655 58445 61871 63483 64372
8101 12823274 4 4 4 4 4 4 4 11 11 11 11 11 11 11 39 39 39 39 39 39 39 182 183 184 184 184 184 184 698 750 788 792 792 797 797 1883 2800 3364 3502 3540 3613 3616 1883 7454 12840 14782 15404 16059 16132
113 97455425 12 12 12 12 12 12 12 57 57 57 57 57 57 57 282 284 285 285 285 285 285 1221 1253 1303 1323 1325 1326 1326 4709 5333 5749 6015 6034 6068 6068 12297 20123 24201 26420 26875 27209 27278 12297 52634 90890 110582 117087 120554 121654
9653 702970 1 1 1 1 1 1 1 3 3 3 3 3 3 3 5 5 5 5 5 5 5 14 14 14 14 14 14 14 44 52 53 53 53 53 53 128 203 227 242 242 242 242 128 513 792 906 920 920 920
759 83763071 24 24 24 24 24 24 24 72 72 72 72 72 72 72 296 298 298 298 298 298 298 1125 1176 1197 1197 1197 1205 1205 4146 4717 5061 5132 5163 5249 5249 10948 17983 21434 22669 23051 23629 23683 10948 47241 80535 94480 99663 104029 104956
8623 22523199 3 3 3 3 3 3 3 16 16 16 16 16 16 16 76 76 76 76 76 76 76 345 345 345 347 349 349 349 1191 1338 1370 1393 1430 1443 1443 3113 4960 5645 5982 6200 6299 6326 3113 13019 21468 25269 27152 27987 28251
7103 32234430 8 8 8 8 8 8 8 24 24 24 24 24 24 24 118 118 118 118 118 118 118 479 506 511 511 514 514 514 1633 1930 2022 2069 2101 2111 2111 4362 7232 8322 8771 9037 9111 9140 4362 19014 31492 36829 39332 40217 40683
8879 9115911 2 2 2 2 2 2 2 7 7 7 7 7 7 7 35 35 35 35 35 35 35 117 122 124 124 124 124 124 450 506 523 524 525 525 525 1218 1959 2275 2376 2425 2440 2454 1218 5263 8758 10142 10792 11059 11246
7517 48583046 10 10 10 10 10 10 10 47 47 47 47 47 47 47 183 183 183 183 183 183 183 697 726 744 745 745 745 745 2438 2839 3019 3100 3122 3127 3128 6483 10728 12649 13515 13838 13944 13980 6483 28038 46874 55533 59057 60519 61138
5379 676274472 81 81 81 81 81 81 81 445 449 449 449 449 449 449 1955 2013 2030 2041 2041 2041 2041 8299 8973 9205 9348 9373 9378 9379 31576 37922 40436 41738 42223 42370 42470 83426 143295 169888 182500 187569 189655 190866 83426 378871 641647 763847 816208 838880 850153
3059 115866056 17 17 17 17 17 17 17 74 74 74 74 74 74 74 372 378 378 378 378 378 378 1565 1670 1693 1694 1696 1697 1697 5751 6825 7157 7278 7330 7348 7358 14982 25446 29876 31587 32354 32668 32841 14982 66909 112148 131467 140065 143916 145654
2257 17640414 8 8 8 8 8 8 8 23 23 23 23 23 23 23 62 64 64 64 64 64 64 258 272 272 272 272 272 272 889 1066 1098 1108 1114 1118 1118 2338 3934 4403 4641 4730 4802 4802 2338 10566 16753 19837 20984 21632 21751
5389 7776116 1 1 1 1 1 1 1 3 3 3 3 3 3 3 21 22 22 22 22 22 22 84 89 89 90 90 90 90 322 405 435 446 467 467 467 882 1607 1928 2052 2197 2199 2206 882 4289 7395 8735 9670 9788 9894
9849 3025378 2 2 2 2 2 2 2 5 5 5 5 5 5 5 12 12 12 12 12 12 12 51 51 51 51 51 51 51 172 182 191 191 191 191 191 448 712 827 842 849 850 861 448 1816 3099 3560 3725 3759 3844
2497 21744877 3 3 3 3 3 3 3 17 17 17 17 17 17 17 68 68 68 68 68 68 68 300 310 310 313 313 313 313 1074 1256 1278 1311 1323 1326 1329 2864 4652 5230 5636 5795 5843 5914 2864 12233 20065 24171 25798 26429 26994
7477 15674821 6 6 6 6 6 6 6 16 16 16 16 16 16 16 58 58 58 58 58 58 58 219 231 232 232 232 232 232 847 972 1003 1015 1019 1019 1019 2244 3710 4122 4324 4378 4439 4458 2244 9981 15584 18210 19144 19670 19899
437 199214588 35 35 35 35 35 35 35 148 148 150 150 150 150 150 603 604 625 625 625 625 625 2529 2626 2793 2795 2797 2797 2797 9377 10843 12103 12264 12330 12376 12387 25110 41268 51282 54066 55171 55732 55953 25110 109183 194030 226473 239909 246404 249197
1623 50429568 3 3 3 3 3 3 3 13 13 13 13 13 13 13 105 118 118 118 137 137 137 419 537 549 549 648 648 648 1599 2361 2580 2629 3061 3063 3065 4185 8925 11180 11855 13820 13925 14032 4185 23691 42502 50277 60529 61815 62675
2311 30816605 2 2 2 2 2 2 2 12 12 12 12 12 12 12 91 91 91 91 91 91 91 411 415 418 420 420 420 420 1520 1695 1776 1829 1833 1834 1835 4058 6493 7728 8342 8508 8550 8571 4058 17147 29104 35077 37281 38000 38384
4877 4603940 2 2 2 2 2 2 2 6 6 6 6 6 6 6 20 20 20 20 20 20 20 68 72 72 72 72 72 72 258 311 319 322 322 322 322 653 1116 1300 1359 1368 1373 1373 653 2842 4732 5405 5623 5763 5816
2963 5065661 2 2 2 2 2 2 2 6 6 6 6 6 6 6 18 18 18 18 18 18 18 68 68 68 68 68 68 68 220 276 277 280 282 282 282 603 1133 1244 1319 1342 1348 1356 603 3018 4832 5703 6064 6191 6265
8551 12798572 4 4 4 4 4 4 4 7 7 7 7 7 7 7 38 39 39 39 39 39 39 157 171 171 171 171 171 171 592 722 749 783 785 785 785 1574 2762 3145 3441 3496 3532 3536 1574 7382 12097 14609 15515 15865 15963
2691 50143467 3 3 3 3 3 3 3 27 27 27 27 27 27 27 160 160 160 160 162 162 162 665 699 708 709 720 720 720 2457 2854 3006 3059 3153 3161 3164 6425 10713 12527 13306 13974 14149 14214 6425 28058 46690 55445 60570 62360 63037
1399 115172367 13 14 14 14 14 14 14 72 90 90 90 90 90 90 303 359 359 359 359 359 363 1288 1596 1606 1616 1620 1620 1653 4894 6648 6929 7117 7170 7190 7364 12888 25091 28790 30816 31622 31997 32789 12888 66311 108698 128913 137170 141098 145473
6471 3803216 1 1 1 1 1 1 1 3 3 3 3 3 3 3 16 16 16 16 16 16 16 57 59 59 59 59 59 59 223 255 255 255 255 255 255 538 937 1032 1053 1066 1075 1075 538 2466 3906 4433 4722 4828 4842
5537 11065617 2 2 2 2 2 2 2 7 7 7 7 7 7 7 36 36 36 36 36 36 36 151 151 165 165 165 165 165 547 583 665 680 680 680 680 1510 2285 2949 3104 3132 3170 3176 1510 5940 11103 12787 13263 13686 13768
6427 9802718 4 4 4 4 4 4 4 12 12 12 12 12 12 12 42 42 42 42 42 42 42 139 141 150 150 150 150 150 563 624 679 693 693 694 694 1457 2242 2682 2811 2861 2881 2881 1457 5848 9894 11359 12039 12291 12353
2883 10369194 2 2 2 2 2 2 2 7 7 7 7 7 7 7 38 38 38 38 38 38 38 159 160 160 160 160 160 160 559 663 688 690 693 693 693 1413 2395 2764 2884 2928 2936 2939 1413 6345 10502 12073 12730 12925 13074
6301 36088355 10 10 10 10 10 10 10 28 28 28 28 28 28 28 100 105 106 106 106 106 106 411 461 501 501 501 501 501 1540 1910 2232 2261 2273 2276 2276 4065 7296 9395 9836 10066 10145 10163 4065 19091 35451 41214 43963 45032 45313
3091 294990035 53 53 53 53 53 53 53 208 209 209 209 209 209 209 931 962 964 964 964 964 964 3797 4071 4113 4121 4123 4123 4128 14375 17256 18111 18527 18610 18657 18721 37950 65106 75426 80482 82181 82976 83475 37950 171973 282889 335956 357021 366111 370805
5303 332068684 48 48 48 48 48 48 48 203 203 203 203 203 203 203 994 1015 1016 1017 1017 1017 1017 4281 4530 4584 4633 4640 4644 4653 16350 19147 20205 20663 20819 20884 20926 43242 72168 84445 89769 91887 92839 93322 43242 189934 318305 376223 400268 411570 417017
6421 45877829 5 5 5 5 5 5 5 16 16 16 16 16 16 16 117 121 121 121 121 121 121 529 573 587 588 588 588 588 2049 2468 2659 2699 2719 2719 2723 5451 9739 11657 12333 12625 12697 12809 5451 25874 44045 51582 55012 56233 57175
3499 129087526 12 12 12 12 12 12 12 73 73 73 73 73 73 73 357 364 372 375 375 375 375 1592 1681 1746 1780 1788 1788 1788 6027 7181 7726 7996 8082 8107 8115 16206 27486 32676 35072 36064 36374 36493 16206 72737 124024 147450 157121 160834 162456
5113 52320928 13 13 13 13 13 13 13 42 42 42 42 42 42 42 173 174 174 174 174 174 174 711 735 743 745 745 745 745 2643 2996 3168 3224 3241 3256 3258 6960 11273 13309 14031 14344 14568 14597 6960 29829 50590 59012 62870 64912 65498
8413 21487484 3 3 3 3 3 3 3 22 22 22 22 22 22 22 65 65 65 65 65 65 65 289 296 307 307 308 308 308 1139 1262 1394 1402 1424 1431 1431 2990 4592 5610 5878 6076 6114 6115 2990 12039 21072 24471 26304 26948 27128
2917 32562404 5 5 5 5 5 5 5 21 21 21 21 21 21 21 112 113 113 113 113 113 113 429 445 447 447 451 451 451 1566 1829 1929 1955 1977 1981 1981 4164 7115 8369 8889 9078 9180 9211 4164 18854 31495 37216 39390 40417 40865
3273 346946232 43 43 43 43 43 43 43 222 228 228 228 228 228 228 1006 1083 1090 1090 1090 1092 1092 4228 4782 4857 4858 4865 4889 4889 16041 20154 21126 21441 21684 21887 21897 42045 75916 88227 93001 95771 97549 97878 42045 199791 331690 387245 414786 429972 434657
5621 27560041362 4345 4345 4347 4347 4347 4347 4347 19373 19526 19590 19595 19606 19607 19607 83718 85680 86506 86799 86976 87026 87038 350627 372908 382420 386576 388548 389275 389549 1321087 1558844 1663054 1710121 1730454 1738913 1742652 3480401 5868534 6951084 7433314 7645388 7737551 7778785 3480401 15461253 26174300 31068941 33229486 34187758 34617505
5441 472259555 55 55 55 55 55 55 55 310 313 313 319 319 319 319 1340 1373 1380 1461 1461 1461 1462 5733 6077 6221 6651 6660 6671 6678 21445 25189 26850 29213 29387 29520 29554 56701 95526 113008 128030 130775 132292 132819 56701 251510 425955 536475 570424 586801 593309
9407 1150149 2 2 2 2 2 2 2 3 3 3 3 3 3 3 8 8 8 8 8 8 8 20 20 20 20 20 20 20 61 64 64 73 73 73 73 156 238 245 331 334 334 334 156 633 917 1347 1418 1433 1437
7877 3814046 2 2 2 2 2 2 2 5 5 5 5 5 5 5 15 15 15 15 15 15 15 49 49 49 50 50 50 50 156 201 205 213 213 213 213 455 844 982 1048 1067 1070 1080 455 2236 3719 4406 4721 4818 4921
637 34038291 4 4 4 4 4 4 4 21 21 21 21 21 21 21 114 114 114 114 114 114 114 439 462 464 464 464 464 464 1602 1990 2045 2075 2122 2126 2134 4159 7355 8372 8815 9237 9306 9381 4159 19515 31788 37054 40615 41505 42339
1299 8824706 4 4 4 4 4 4 4 10 10 10 10 10 10 10 31 31 31 31 31 31 31 147 147 147 149 149 149 149 572 591 616 633 633 634 634 1526 2092 2446 2562 2597 2618 2625 1526 5460 9072 10354 10942 11265 11328
2111 33978652 5 5 5 5 5 5 5 21 21 21 21 21 21 21 107 107 108 108 108 108 108 426 451 469 469 469 469 469 1620 1923 2110 2128 2136 2137 2137 4292 7430 8983 9358 9580 9656 9674 4292 19434 33441 38591 41511 42555 42893
1731 54157891 6 6 6 6 6 6 6 38 38 38 38 38 38 38 152 155 155 155 155 155 155 705 775 777 778 778 779 779 2782 3343 3452 3496 3505 3526 3526 7377 12542 14286 15051 15335 15552 15609 7377 32896 53227 62321 65885 67851 68494
2269 33886053 5 5 5 5 5 5 5 25 25 25 25 25 25 25 107 107 107 107 107 107 107 471 478 480 492 492 492 492 1751 1951 1999 2084 2116 2116 2116 4649 7278 8185 8944 9297 9338 9361 4649 19262 30970 37859 41339 42089 42481
9557 10802513 1 1 1 1 1 1 1 5 5 5 5 5 5 5 29 29 29 29 29 29 29 129 142 143 143 143 143 143 516 634 662 667 670 670 670 1349 2400 2762 2907 2995 3052 3057 1349 6237 10501 12210 13040 13505 13615
6577 11515228 2 2 2 2 2 2 2 7 7 7 7 7 7 7 28 28 28 28 28 28 28 160 160 164 165 165 165 165 560 608 653 675 681 681 681 1500 2353 2899 3086 3199 3206 3206 1500 6346 11249 13296 14258 14517 14564
4033 78441041 11 11 11 11 11 11 11 60 60 60 60 60 60 60 233 233 233 233 233 233 233 1049 1076 1095 1100 1100 1103 1103 3921 4443 4666 4751 4771 4802 4809 10243 16963 19764 21032 21457 21809 21902 10243 44722 75083 88496 93777 97101 98176
9829 12936854 3 3 3 3 3 3 3 11 11 11 11 11 11 11 45 45 45 45 45 45 45 185 191 193 194 194 194 194 666 754 780 795 796 798 798 1728 2891 3277 3546 3595 3634 3647 1728 7588 12220 14725 15608 16140 16327
3921 54436275 6 6 6 6 6 6 6 39 39 39 39 39 39 39 144 152 152 152 152 152 152 635 744 748 750 750 750 750 2527 3277 3422 3472 3474 3482 3482 6725 12519 14589 15415 15632 15763 15801 6725 32973 54240 63622 66997 68595 69228
4183 19146461 3 3 3 3 3 3 3 14 14 14 14 14 14 14 68 68 68 68 68 68 68 300 308 310 310 310 310 310 1075 1196 1265 1266 1275 1275 1275 2789 4386 5120 5309 5456 5489 5489 2789 11622 19134 21831 23342 23821 23959
5009 119142113 7 7 7 7 7 7 7 56 63 63 63 63 63 63 285 322 331 331 331 331 331 1347 1586 1674 1677 1677 1677 1677 5014 6500 7183 7340 7390 7402 7413 13501 24731 30391 32256 32911 33188 33399 13501 65301 115851 136011 144061 147595 149639
2469 39433957 5 5 5 5 5 5 5 32 32 32 32 32 32 32 110 110 110 110 110 110 110 437 465 474 475 475 476 476 1753 2061 2242 2312 2314 2323 2327 4568 7934 9709 10399 10550 10678 10737 4568 20798 36906 44092 46721 48121 48819
3247 2845384 1 1 1 1 1 1 1 3 3 3 3 3 3 3 14 14 14 14 14 14 14 48 48 48 48 48 48 48 166 172 175 175 179 179 179 428 627 686 728 767 768 777 428 1663 2640 3108 3440 3500 3543
3049 504943033 83 83 83 83 83 83 83 349 352 352 352 352 352 352 1512 1559 1569 1570 1570 1570 1572 6349 6910 7079 7125 7143 7146 7155 23823 28488 30578 31274 31568 31703 31798 62589 106710 127195 135529 139370 141057 142065 62589 281466 479111 567477 606963 624432 633777
2807 269214641 20 20 20 20 20 20 20 129 129 131 131 131 131 131 709 727 775 780 780 780 780 3092 3311 3618 3681 3708 3710 3734 11537 14014 15919 16441 16671 16755 16956 30661 53356 66961 71845 74157 75006 76131 30661 140278 251686 299781 322443 331519 339182
5761 77780093 9 9 9 9 9 9 9 45 45 49 49 49 49 49 170 170 240 240 240 240 240 729 747 1082 1089 1091 1091 1091 2748 3117 4707 4819 4871 4886 4890 7302 11822 19788 21108 21689 21856 21957 7302 31385 74865 88274 94568 96982 98211
2739 330097238 41 41 41 41 41 41 41 225 225 226 226 226 226 226 1047 1051 1072 1074 1074 1074 1074 4287 4421 4628 4649 4650 4650 4652 15664 18069 19922 20486 20599 20653 20695 41298 68597 83624 89693 91872 92809 93219 41298 180904 314482 374335 399427 410499 415032
6587 2541469 3 3 3 3 3 3 3 7 7 7 7 7 7 7 15 15 15 15 15 15 15 42 42 42 42 43 43 43 129 132 145 149 156 156 156 309 447 575 661 723 726 726 309 1178 2219 2760 3088 3163 3174
5589 24439143 2 2 2 2 2 2 2 15 15 15 15 15 15 15 61 61 63 63 64 64 64 320 328 340 344 354 354 354 1184 1348 1431 1482 1538 1538 1540 3144 5145 6092 6569 6892 6918 6972 3144 13369 22876 27267 29944 30488 30897
6307 5932880 1 1 1 1 1 1 1 3 3 3 3 3 3 3 18 18 18 18 18 18 18 71 71 71 73 75 75 75 260 290 329 344 360 365 365 644 1044 1314 1488 1586 1616 1620 644 2775 5013 6239 6849 7166 7264
1881 28156354 3 3 3 4 4 4 4 17 17 17 24 24 24 24 51 51 51 85 85 85 85 202 213 213 365 365 365 365 769 914 938 1748 1754 1758 1758 2028 3401 3906 7701 7823 7897 7906 2028 8845 14745 32337 34132 35121 35400
9927 8050877 1 1 1 1 1 1 1 2 2 2 2 2 2 2 24 24 24 24 24 24 24 109 112 112 112 112 112 115 453 503 508 515 515 516 529 1161 1814 1988 2111 2131 2161 2216 1161 4803 7269 8853 9312 9652 9939
2209 44570324 8 8 8 8 8 8 8 39 39 39 39 39 39 39 150 150 150 150 150 150 150 633 647 650 652 657 657 657 2297 2605 2712 2770 2805 2808 2808 6127 9914 11352 12105 12441 12530 12559 6127 26106 43063 51009 54320 55473 55958
4153 6665551 2 2 2 2 2 2 2 4 4 4 4 4 4 4 18 18 18 18 18 18 18 71 76 77 82 82 82 82 296 349 373 412 414 416 416 742 1280 1532 1797 1860 1898 1898 742 3360 5721 7436 8044 8363 8422
1171 42866033 4 4 4 4 4 4 4 20 25 25 25 25 25 25 67 119 119 119 119 119 119 306 576 592 592 592 592 592 1208 2528 2696 2714 2733 2745 2746 3260 9570 11165 11642 11935 12019 12044 3260 25268 42164 48672 51942 53270 53743
4783 30248460 3 3 3 3 3 3 3 24 24 24 24 24 24 24 117 117 117 117 117 117 117 444 444 446 447 447 450 450 1594 1745 1814 1863 1888 1916 1916 4115 6448 7426 8030 8298 8466 8488 4115 16944 27917 33978 36412 37539 37929
873 44479437 11 11 11 11 11 11 11 37 37 37 37 37 37 37 134 134 134 134 134 134 134 502 522 543 550 557 557 557 1926 2319 2540 2616 2675 2686 2686 5066 8896 10750 11582 12060 12204 12250 5066 23534 40917 49373 53437 55003 55611
1127 44193840 8 8 8 8 8 8 8 37 37 37 37 37 37 37 140 140 140 140 140 141 141 581 596 599 613 613 634 634 2123 2360 2451 2564 2582 2773 2778 5579 8790 10055 11088 11312 12319 12380 5579 23401 37899 46293 49299 54770 55375
6201 38195745 3 3 3 3 3 3 3 26 26 26 26 26 26 26 122 125 125 125 125 125 125 498 513 517 517 524 524 524 1923 2127 2273 2298 2352 2352 2355 5179 8006 9646 10065 10525 10564 10596 5179 21307 37097 42773 46581 47327 47857
9243 17020848 5 5 5 5 5 5 5 16 16 16 16 16 16 16 72 72 72 72 72 72 72 276 278 278 279 279 279 279 931 1057 1082 1100 1101 1101 1102 2384 3942 4391 4652 4762 4791 4811 2384 10481 16513 19321 20502 20959 21186
9931 14296074 1 1 1 1 1 1 1 11 11 11 11 11 11 11 40 40 45 45 45 45 45 162 162 206 206 206 206 206 603 668 923 925 935 935 935 1597 2479 3778 3878 4030 4046 4056 1597 6502 14174 16036 17389 17805 18025
4073 10546287 4 4 4 4 4 4 4 11 11 11 11 11 11 11 40 42 42 42 42 42 42 143 165 166 166 166 166 166 521 618 662 677 689 689 692 1393 2303 2725 2918 3004 3008 3027 1393 6074 10188 12035 12989 13193 13346
6303 24203999 4 4 4 4 4 4 4 28 28 28 28 28 28 28 87 87 87 87 87 87 87 345 362 370 370 370 370 370 1242 1480 1544 1577 1580 1580 1586 3275 5627 6453 6828 6943 6969 7036 3275 14705 24124 28168 29686 30145 30660
7177 31084102 6 6 6 6 6 6 6 19 21 21 21 21 21 21 81 95 95 95 95 95 95 365 452 456 456 456 456 456 1360 1868 1945 1961 1971 1977 1977 3537 6937 8074 8510 8690 8789 8797 3537 18348 30552 35893 38032 39138 39392
317 23979528 8 8 8 8 8 8 8 23 23 23 23 23 23 23 89 90 90 90 90 90 90 346 353 353 354 354 354 354 1328 1477 1499 1527 1531 1538 1538 3497 5562 6234 6592 6683 6800 6830 3497 14587 23388 27516 28946 30048 30411
5883 13604960 2 2 2 2 2 2 2 9 9 9 9 9 9 9 41 41 41 41 41 41 41 190 191 192 192 192 192 192 691 774 816 818 830 831 832 1841 2913 3459 3639 3721 3776 3792 1841 7587 13010 15222 16252 16765 16949
2369 117190304 13 19 19 19 19 19 19 48 90 90 90 90 90 90 174 395 395 395 395 395 395 658 1680 1693 1699 1704 1710 1710 2466 6895 7184 7304 7389 7455 7455 6333 26249 29979 31686 32623 33177 33264 6333 68857 112316 131903 141350 146363 147735
4453 50988155 1 1 3 3 3 3 3 6 6 21 21 21 21 21 26 26 120 120 120 120 120 93 93 645 645 645 645 646 407 439 3063 3086 3096 3099 3113 1097 1563 13204 13776 13997 14096 14236 1097 4055 49982 57835 61127 62678 63732
1039 21639803 6 6 6 6 6 6 6 15 15 15 15 15 15 15 62 62 62 62 62 62 62 268 270 274 276 276 276 276 1055 1181 1241 1269 1274 1295 1295 2784 4538 5331 5803 5967 6098 6108 2784 11934 19704 24106 25896 26791 27024
8999 121309640 13 13 13 13 13 13 13 84 84 87 87 87 87 87 343 344 370 370 374 378 378 1461 1551 1661 1671 1695 1712 1712 5490 6662 7392 7550 7680 7759 7769 14423 25021 30747 32502 33555 34118 34291 14423 66203 115983 135897 145838 150967 152815
7619 29251629 2 2 2 2 2 2 2 17 17 17 17 17 17 17 88 88 88 88 88 88 88 419 445 446 455 455 458 458 1526 1753 1797 1873 1885 1900 1901 4054 6590 7422 8012 8182 8301 8326 4054 17429 27975 33212 35300 36316 36653
167 12301277 5 5 5 5 5 5 5 12 12 12 12 12 12 12 43 43 43 43 43 43 43 177 178 185 185 185 185 185 670 710 758 767 768 768 768 1778 2635 3127 3344 3411 3416 3416 1778 6828 11888 14142 14993 15198 15250
4817 26888645 4 4 4 4 4 4 4 11 11 11 11 11 11 11 68 68 68 68 68 68 68 313 327 335 335 335 335 335 1335 1501 1597 1617 1628 1628 1628 3584 5810 6769 7123 7277 7348 7364 3584 15454 25611 29853 32011 32864 33243
4233 13810360 5 5 5 5 5 5 5 11 11 11 11 11 11 11 30 30 30 33 33 35 35 129 129 129 150 150 170 170 535 573 595 765 771 897 898 1401 2054 2328 3238 3278 3879 3921 1401 5403 8712 13381 13933 16810 17127
311 2094485556 331 331 331 333 333 333 333 1432 1432 1433 1447 1447 1447 1447 6359 6438 6491 6573 6574 6575 6575 26433 27886 28582 29191 29251 29315 29329 100132 117252 125042 129865 130924 131723 132033 264795 442972 523808 566011 579766 587365 590833 264795 1167412 1972407 2366406 2519738 2594462 2628698
121 1626879709 233 233 233 233 233 233 233 1142 1147 1147 1147 1147 1147 1147 5002 5092 5107 5114 5118 5119 5119 20953 22126 22651 22859 22948 22977 22977 79058 92436 98876 101439 102545 102933 103041 208556 347729 413469 440761 453029 457899 459835 208556 916103 1558170 1842636 1969362 2022805 2045845
8807 28306253 2 2 3 3 3 3 3 4 4 16 16 16 16 16 13 13 97 97 97 97 97 33 41 380 383 383 383 383 121 198 1692 1741 1742 1752 1765 317 789 7083 7729 7910 8008 8103 317 2105 26699 32331 34330 35317 35940
#resid 17816856 17812884 17823965 17814098 17812850
