# q=5 mode=cycq roots=300 cp_lo=4 cp_hi=8 buf_lo=9 buf_hi=13 seed=2026
# root nvisited then n_cp*n_buf cumulative counts N(val<=cp[ci], pmax<=buf[bi]) row-major ci,bi
1077 2306474 8 8 8 8 8 33 33 33 33 33 151 156 156 156 156 624 679 679 679 681 2387 2831 2920 2937 2976
1699 3097028 7 7 7 7 7 27 27 28 28 28 144 145 171 171 171 652 684 856 860 860 2447 2833 3823 3915 3932
303 1140030 6 6 6 6 6 24 24 24 24 24 72 73 73 73 73 284 297 304 304 304 1156 1305 1356 1372 1377
9511 2687693 3 3 3 3 3 31 31 31 31 31 178 182 182 182 182 677 723 726 726 727 2629 3086 3256 3312 3334
2921 2161800 11 11 11 11 11 43 43 43 43 43 153 153 153 153 153 594 605 611 611 611 2234 2601 2698 2721 2730
9989 82884 2 2 2 2 2 5 5 5 5 5 12 12 12 12 12 28 28 28 28 28 118 122 122 122 123
9469 999546 6 6 6 6 6 13 13 13 13 13 58 58 58 58 58 252 267 267 268 269 965 1167 1203 1228 1245
881 1514062 5 5 5 5 5 19 19 19 19 19 81 81 81 81 81 356 378 378 390 390 1377 1705 1764 1840 1845
3817 1347859 4 4 4 4 4 13 13 13 13 13 77 77 77 84 84 289 298 299 363 364 1055 1209 1259 1648 1658
6823 2871640 10 12 12 12 12 40 52 52 52 52 144 193 194 194 194 565 763 789 791 794 2025 3086 3370 3468 3514
5489 752557 1 1 1 1 1 11 11 11 11 11 52 52 52 52 52 222 222 229 229 229 832 906 1009 1013 1020
4229 317887 1 1 1 1 1 5 5 5 5 5 24 24 24 24 24 102 103 107 107 107 338 388 410 417 430
9383 925477 7 7 7 7 7 20 20 20 20 20 74 74 74 74 74 273 274 278 279 279 1001 1131 1197 1226 1231
1931 310848 2 2 2 2 2 8 8 8 8 8 22 22 22 22 22 91 93 96 96 96 315 354 372 384 388
4409 14541523 50 50 50 50 50 217 217 217 217 217 907 915 916 916 916 3709 3927 3994 4032 4043 14101 16592 17621 18143 18271
3647 442618 2 2 2 2 2 6 6 6 6 6 32 32 32 32 32 118 120 120 120 120 442 492 517 530 537
9637 377226 2 2 2 2 2 6 6 6 6 6 33 33 33 33 33 120 120 120 120 120 459 500 513 518 518
9697 802751 1 1 1 1 1 8 8 8 8 8 47 51 51 51 51 179 225 226 226 226 708 1005 1036 1043 1047
8649 3102865 4 4 4 4 4 45 45 45 45 45 222 222 222 222 222 868 902 902 902 912 3230 3740 3890 3962 4004
2967 2590292 5 5 5 5 5 31 31 31 31 31 155 155 156 156 156 694 706 726 726 735 2607 2905 3157 3232 3290
1657 2425199 5 5 5 5 5 17 17 17 17 17 116 116 116 118 118 616 642 674 686 686 2348 2705 3010 3121 3124
4433 10729348 29 29 29 29 29 139 139 144 144 144 660 664 685 685 685 2743 2845 2984 3028 3034 10325 11892 12962 13438 13593
7777 1901275 7 7 7 7 7 24 24 24 24 24 114 116 116 116 116 487 508 522 524 526 1864 2173 2348 2392 2414
943 3806692 8 8 8 8 8 37 38 38 38 38 153 194 196 198 200 671 904 938 965 1016 2617 3909 4263 4450 4781
6521 5570874 17 17 17 17 17 70 75 75 75 75 321 345 345 348 348 1448 1600 1618 1642 1645 5541 6638 6972 7170 7214
2081 498090 3 3 3 3 3 9 9 9 9 9 33 33 33 33 34 116 127 127 127 144 422 517 538 542 636
9753 2232742 4 4 4 4 4 31 31 31 31 31 133 134 134 134 134 551 582 594 603 603 2090 2558 2741 2812 2814
1069 680395 2 2 2 2 2 9 9 9 9 9 45 45 45 45 45 203 207 212 212 212 739 822 893 900 902
653 4882169 10 10 10 10 10 79 79 79 79 79 350 350 350 350 350 1472 1504 1512 1535 1536 5306 5842 6040 6215 6240
1573 4290394 11 11 11 11 11 61 61 61 61 61 253 253 253 255 255 1160 1192 1228 1250 1252 4282 4826 5197 5355 5408
7977 615062 5 5 5 5 5 10 10 10 10 10 41 45 45 45 45 153 177 180 183 183 543 709 760 778 784
4823 998262 4 4 4 4 4 11 11 11 11 11 43 47 47 47 47 221 245 250 251 251 931 1125 1211 1232 1238
2579 5644019 10 10 10 10 10 81 81 81 81 81 348 348 354 354 354 1472 1535 1580 1582 1590 5544 6494 6979 7065 7151
9889 751528 4 4 4 4 4 10 10 10 10 10 45 45 45 45 45 208 209 209 209 211 848 904 925 930 952
8811 606799 2 2 2 2 2 6 6 6 6 6 26 26 26 26 26 130 143 144 144 145 555 630 654 656 665
1491 2343978 9 9 9 9 9 30 30 30 30 30 141 141 144 144 144 567 586 642 644 644 2156 2540 2871 2951 2962
1079 9644404 30 30 30 30 30 152 154 154 154 154 570 618 626 626 626 2240 2605 2696 2707 2707 8244 10741 11772 11996 12084
3649 404564 3 3 3 3 3 9 9 9 9 9 31 31 31 31 31 111 114 114 114 114 409 477 491 495 496
7071 4114361 5 7 7 7 7 17 49 49 49 49 57 227 227 227 227 238 1002 1033 1034 1043 883 4534 4909 4968 5043
3721 367413 3 3 3 3 3 8 8 8 8 8 26 26 26 26 26 86 88 88 88 88 333 409 427 430 430
4049 360434 2 2 2 2 2 3 3 3 3 3 25 25 25 25 25 100 100 100 100 100 392 433 443 444 444
3927 694213 2 2 2 2 2 11 11 11 11 11 48 49 49 49 49 205 217 217 217 217 751 885 903 907 913
109 2540398 10 10 10 10 10 37 37 37 37 37 158 160 160 160 160 637 698 771 771 771 2348 2814 3192 3217 3247
8309 394129 2 2 2 2 2 6 6 6 6 6 14 14 14 14 14 98 102 105 105 105 414 482 506 506 507
8129 377218 1 1 1 1 1 5 5 5 5 5 19 19 19 19 19 69 90 90 90 90 295 419 429 433 443
7069 4012354 6 6 6 6 6 51 51 51 51 51 285 286 286 286 286 1097 1131 1159 1159 1161 4195 4686 4982 5044 5121
1401 1746515 5 5 5 5 5 24 24 24 24 24 105 105 105 105 105 430 460 466 467 467 1642 1966 2072 2105 2137
2793 198791 2 2 2 2 2 6 6 6 6 6 15 15 15 15 15 51 53 53 53 53 183 205 229 229 231
9041 6734968 17 17 17 17 17 79 79 79 79 79 417 423 428 428 428 1706 1797 1832 1835 1838 6598 7645 8066 8225 8297
377 1652878 6 6 6 6 6 21 21 22 22 22 89 89 103 103 103 320 366 442 445 445 1299 1596 1972 2028 2035
219 1305197 4 4 4 4 4 10 10 10 10 10 51 51 51 60 61 207 229 249 310 324 783 988 1145 1516 1599
6749 1440098 4 4 4 4 4 28 28 29 29 29 106 106 116 116 116 400 400 450 452 452 1463 1541 1814 1835 1846
4341 2942730 14 14 14 14 14 45 45 46 46 46 183 183 193 193 193 742 778 850 850 850 2766 3218 3672 3689 3702
5053 11370029 42 42 42 42 42 167 168 168 168 168 732 752 752 758 758 2904 3083 3111 3152 3155 11056 13071 13800 14236 14423
4001 7860697 17 17 17 17 17 103 103 103 103 103 484 485 489 489 489 2187 2260 2299 2305 2305 8150 9364 9842 9975 10002
8597 1774178 2 2 2 2 2 20 20 20 20 20 111 113 113 113 113 477 519 527 529 529 1727 2086 2167 2201 2202
5583 646765 2 2 2 2 2 10 10 10 10 10 52 52 52 52 52 147 158 158 159 159 553 740 752 774 778
9399 730909 1 1 1 1 1 7 7 7 7 7 45 45 45 45 45 204 207 207 207 207 809 888 915 918 930
9441 103047 1 1 1 1 1 4 4 4 4 4 11 11 11 11 11 34 34 34 34 34 101 107 117 118 118
357 406602 3 3 3 3 3 6 6 6 6 6 17 17 17 17 22 62 62 62 62 100 240 248 251 252 482
3471 457571 1 1 1 1 1 6 6 6 6 6 36 36 36 36 36 132 134 134 134 134 474 556 572 583 584
287 221992174 635 642 642 642 708 2675 2713 2720 2721 3045 11891 12272 12376 12420 13844 49534 53296 54653 55344 61970 186728 223680 239151 246079 277302
1483 27920459 83 83 83 83 83 403 403 403 403 403 1722 1770 1776 1776 1776 7033 7553 7685 7702 7722 26509 31725 33448 34164 34491
4203 177414 1 1 1 1 1 3 3 3 3 3 10 10 10 10 10 63 65 65 65 65 206 228 230 230 232
8199 1791816 6 6 6 6 6 30 30 30 30 30 107 107 107 107 107 522 531 534 538 538 1914 2127 2218 2304 2309
3017 500017 2 2 2 2 2 12 12 12 12 12 37 37 37 37 37 141 145 146 147 147 503 594 621 634 634
8673 10199153 18 18 18 18 18 141 141 141 141 141 596 609 609 609 618 2608 2789 2816 2822 2893 9746 11597 12221 12387 12780
9217 290932 1 1 1 1 1 4 4 4 4 4 18 18 18 18 18 84 84 84 84 84 326 372 378 393 393
3799 1320394 3 3 3 3 3 18 18 18 18 18 76 76 76 76 76 330 343 349 350 350 1217 1480 1589 1613 1622
481 5241117 13 13 13 13 13 77 77 77 77 77 359 361 363 369 369 1383 1449 1474 1527 1527 5222 5928 6382 6709 6715
9669 689665 3 3 3 3 3 9 9 9 9 9 38 39 39 39 39 158 178 180 180 180 627 779 821 824 825
8521 1521179 4 4 4 4 4 29 29 29 29 29 107 107 107 107 107 418 436 448 448 448 1636 1876 1968 1975 1987
4429 2977655 3 3 3 3 3 36 36 36 36 36 196 197 197 197 197 803 829 843 844 859 2885 3377 3587 3648 3743
679 1078799 4 4 4 4 4 16 16 16 16 16 66 69 73 73 73 212 257 295 295 295 747 1031 1272 1296 1304
1043 2663722 7 7 7 7 7 36 36 36 42 42 159 159 159 179 179 669 686 695 806 806 2435 2720 2859 3336 3347
8687 136556 2 2 2 2 2 4 4 4 4 4 10 10 10 10 10 49 49 49 49 49 144 161 166 170 170
687 23309010 71 71 71 71 71 319 322 322 322 322 1382 1408 1436 1437 1438 5871 6231 6554 6604 6621 22142 25824 28263 28942 29199
2021 1218768 4 4 4 4 4 20 20 20 20 20 82 82 82 82 82 350 359 363 363 363 1277 1431 1490 1505 1520
8009 144165 1 1 1 1 1 3 3 3 3 3 8 9 9 9 9 32 46 46 46 46 124 192 195 197 197
5183 1272116 3 3 3 3 3 14 14 14 14 14 70 70 71 71 71 326 347 361 361 361 1159 1380 1510 1528 1531
5891 1638199 2 2 2 2 2 18 18 18 18 18 98 98 98 98 98 428 429 432 439 447 1631 1756 1858 1932 1993
5823 1585955 2 2 2 2 2 23 23 23 23 23 97 97 97 97 97 386 411 417 429 429 1389 1682 1778 1856 1884
2697 1146721 4 4 4 4 4 17 17 17 17 17 66 66 69 69 69 297 304 328 331 331 1072 1219 1385 1426 1431
7277 2617645 12 12 12 12 12 49 49 49 49 49 197 197 197 198 198 768 787 791 803 803 2833 3153 3259 3386 3402
797 724107 6 6 6 6 6 17 17 17 17 17 59 59 59 59 59 222 227 228 228 228 790 861 889 895 896
9661 374366 3 3 3 3 3 10 10 10 10 10 33 33 33 33 33 121 121 121 121 121 432 458 490 490 490
7801 1246432 6 6 6 6 6 22 22 22 22 22 79 79 79 79 79 364 374 382 387 387 1332 1545 1629 1667 1690
6517 553921 1 1 1 1 1 5 5 5 5 5 23 23 23 23 23 122 124 125 139 143 464 511 534 624 667
927 12676300 40 40 40 40 40 159 159 159 159 159 778 800 805 813 813 3172 3402 3500 3542 3547 12035 14485 15427 15768 15904
7951 391518 2 2 2 2 2 4 4 4 4 4 24 24 24 24 24 86 87 89 89 89 317 425 452 453 453
1763 630731 3 3 3 3 3 9 9 9 9 9 37 37 37 37 37 153 155 159 159 159 617 708 810 814 816
2387 527845 2 2 2 2 2 9 9 9 9 9 37 37 37 37 37 160 162 162 162 162 590 643 661 662 669
3353 4399915 11 11 11 11 11 55 55 55 55 55 271 272 274 274 274 1153 1195 1215 1228 1229 4333 4952 5284 5449 5508
4071 920772 6 6 6 6 6 16 16 16 16 16 57 57 57 57 57 226 246 246 246 246 846 1047 1089 1099 1109
9161 100047 1 1 1 1 1 2 2 2 2 2 4 4 4 4 4 27 27 27 27 27 110 118 122 122 122
2439 24995226 63 63 63 63 63 322 323 323 325 325 1493 1508 1516 1523 1523 6399 6757 6899 6975 6991 24346 28597 30510 31278 31553
1729 3420977 14 14 14 14 14 61 61 61 61 61 243 244 244 244 244 892 926 930 939 941 3412 3977 4143 4305 4350
9419 630584 2 2 2 2 2 16 16 16 16 16 42 43 43 43 43 180 200 200 200 200 634 807 823 830 830
6369 1524164 1 1 1 1 1 9 9 9 9 9 71 71 71 71 71 368 384 386 389 389 1421 1655 1739 1781 1790
8627 1714828 3 3 3 3 3 18 18 18 18 18 94 94 94 94 96 426 454 455 457 472 1642 1918 1993 2042 2171
7001 1038202 4 4 4 4 4 13 13 13 13 13 54 54 60 60 60 211 218 257 257 257 880 1019 1212 1222 1239
1819 552994 3 3 3 3 3 13 13 13 13 13 53 53 53 53 53 193 193 195 195 195 658 716 730 732 736
7831 2513796 6 6 6 6 6 26 29 29 29 29 134 154 154 157 161 529 673 673 706 726 1998 2828 2879 3071 3191
457 5901654 21 21 21 21 21 79 79 79 79 79 393 405 405 405 405 1571 1684 1706 1708 1711 5977 7061 7475 7580 7633
8001 514480 6 6 6 6 6 12 12 12 12 12 33 33 33 33 33 146 150 150 150 150 518 591 603 617 617
8233 744880 1 1 1 1 1 9 9 9 9 9 47 47 48 48 48 197 197 211 213 213 778 814 911 950 961
9781 9858549 27 27 27 27 27 125 125 125 125 126 598 600 600 600 616 2516 2642 2670 2682 2763 9342 11034 11576 11784 12299
5717 1924510 4 4 4 4 4 23 23 23 23 23 114 119 119 119 119 515 556 567 572 572 1991 2319 2443 2486 2491
6743 5539994 13 13 13 13 13 61 61 61 61 61 326 330 330 330 330 1329 1406 1434 1438 1439 5245 6134 6622 6798 6832
9087 417667 1 1 1 1 1 4 4 4 4 4 28 28 28 28 28 138 138 138 138 138 491 517 530 531 531
7451 1717994 7 7 7 7 7 24 24 24 24 24 108 108 108 108 108 446 474 475 482 482 1586 1932 2022 2065 2083
8377 294030 2 2 2 2 2 6 6 6 6 6 21 21 21 21 21 101 101 101 101 101 358 377 385 385 385
8013 570391 3 3 3 3 3 12 12 12 12 12 48 48 48 48 48 187 188 188 188 188 714 764 776 776 776
819 5021623 12 12 12 12 12 83 83 83 83 83 318 318 318 318 321 1310 1371 1395 1426 1446 4824 5639 5890 6092 6262
8003 240277 1 1 1 1 1 4 4 4 4 4 19 19 19 19 19 59 67 67 67 67 191 264 287 292 292
389 11125946 23 23 23 23 23 161 161 161 161 161 703 703 703 704 704 2924 3024 3074 3105 3125 11118 12775 13480 13894 14052
6349 121397 1 1 1 1 1 4 4 4 4 4 17 17 17 17 17 44 44 44 44 44 164 165 174 174 177
5997 794797 1 1 1 1 1 10 10 10 10 10 45 47 47 47 47 213 225 225 226 226 777 905 927 941 950
6319 79282418 226 227 227 227 227 1032 1052 1054 1058 1058 4553 4821 4841 4893 4899 19079 21218 21632 22077 22185 72382 89611 94702 98342 99591
1271 113566 2 2 2 2 2 5 5 5 5 5 9 9 9 9 9 25 26 26 26 26 113 137 141 141 141
3167 4251911 11 11 11 11 11 61 61 61 61 61 242 244 254 254 254 1043 1106 1181 1188 1193 4033 4724 5259 5362 5456
7499 1127605 3 3 3 3 3 12 12 12 12 12 48 52 54 54 54 225 269 303 303 303 841 1170 1375 1387 1394
7903 1333900 3 3 3 3 3 13 13 13 13 13 71 71 71 71 71 333 341 348 348 349 1269 1417 1509 1536 1547
5409 637330 3 3 3 3 3 8 8 8 8 8 47 47 47 47 47 173 186 187 187 187 673 794 807 814 825
2277 2159709 5 5 5 5 5 27 27 27 27 27 154 156 156 156 156 617 631 633 633 633 2312 2545 2643 2670 2686
7401 1268938 4 4 4 4 4 17 17 17 17 17 85 86 86 86 86 322 342 355 357 357 1238 1494 1604 1643 1653
6027 570657 3 3 3 3 3 7 7 7 7 7 40 40 40 40 40 156 169 172 172 172 591 733 751 759 759
4911 2084241 3 3 3 3 3 20 23 23 23 23 60 90 90 97 97 276 490 494 567 567 1029 2043 2162 2534 2556
2403 308616 3 3 3 3 3 8 8 8 8 8 21 21 21 21 21 96 96 96 96 96 344 398 415 415 415
7963 356781 2 2 2 2 2 4 4 4 4 4 19 19 19 19 19 91 91 94 94 94 313 340 405 423 425
4191 977164 1 1 1 1 1 15 15 15 15 15 58 58 58 58 58 266 267 267 270 270 995 1098 1142 1179 1181
5087 371959 3 3 3 3 3 11 11 11 11 11 30 30 30 30 30 128 128 128 128 128 431 459 475 482 482
1477 819120 3 3 3 3 3 12 12 12 12 12 56 56 60 60 60 206 207 224 224 224 912 986 1067 1073 1088
499 1387137 6 6 6 6 6 21 21 21 21 21 90 91 91 91 91 340 364 367 368 368 1323 1555 1624 1652 1664
5491 1634202 5 5 5 5 5 25 25 25 25 25 99 99 99 99 99 441 447 455 455 455 1657 1921 2043 2059 2071
9359 2407251 7 7 7 7 7 35 35 35 35 35 135 135 135 135 135 607 636 643 651 651 2275 2684 2893 2999 3015
9917 157730 1 1 1 1 1 4 4 4 4 4 10 10 10 10 10 32 34 39 39 39 120 158 195 197 197
8359 556382 3 3 3 3 3 8 8 8 8 8 30 31 31 31 31 145 164 164 164 164 519 630 685 687 688
2461 2493256 5 5 5 5 5 33 33 33 33 33 155 155 155 155 155 691 729 753 753 753 2519 3019 3240 3259 3265
8633 997440 1 1 1 1 1 11 11 11 11 11 54 61 63 63 63 225 278 296 296 296 773 1081 1231 1252 1279
5661 333590 2 2 2 2 2 5 5 5 5 5 23 23 23 23 23 93 100 100 100 101 361 420 424 426 434
139 32258824 111 111 111 111 111 467 467 467 467 467 2007 2034 2037 2037 2037 8437 8857 9021 9075 9092 32040 37026 39235 40057 40404
9519 1271804 1 1 1 1 1 8 8 8 8 8 54 68 68 68 68 270 332 339 339 339 1012 1416 1520 1539 1543
279 4752004 17 17 17 17 17 68 68 68 68 68 311 313 314 314 314 1271 1335 1364 1368 1369 4740 5595 5894 6037 6076
3657 129021 2 2 2 2 2 4 4 4 4 4 11 11 11 11 11 29 29 29 29 29 121 144 154 154 154
2437 634861 3 3 3 3 3 12 12 12 12 12 37 37 37 37 37 188 207 207 207 207 643 812 825 831 831
4849 5578568 19 19 19 19 19 69 69 69 69 69 356 359 360 360 360 1474 1537 1580 1587 1618 5408 6152 6607 6741 6936
2761 1153955 4 4 4 4 4 18 18 18 18 18 81 81 81 81 81 375 377 377 377 377 1337 1434 1491 1505 1514
6603 2739003 7 7 7 7 7 34 34 34 34 34 173 174 174 174 174 762 787 793 793 794 2842 3250 3411 3432 3459
1189 1995086 7 7 7 7 7 26 26 26 26 26 128 128 128 128 128 536 546 555 555 556 2010 2312 2479 2504 2529
5027 10262447 33 33 33 33 33 135 135 135 135 135 564 574 575 580 581 2548 2728 2799 2842 2861 9676 11487 12204 12509 12673
1703 22434188 72 72 72 72 72 359 362 362 362 362 1414 1459 1477 1477 1477 5727 6108 6288 6321 6334 21673 25596 27557 28073 28317
5881 2592497 3 3 3 3 3 35 35 35 35 35 173 175 175 175 175 632 690 694 694 694 2386 3006 3199 3239 3250
543 3468219 10 10 10 10 10 47 47 47 47 47 206 206 206 206 206 888 922 932 940 944 3412 3854 4042 4214 4236
1519 248716 4 4 4 4 4 8 8 8 8 8 22 22 22 22 22 54 54 62 62 62 243 272 324 340 340
2913 1330636 3 3 3 3 3 17 17 17 17 17 76 87 87 87 87 300 355 358 358 364 1153 1545 1604 1621 1659
8313 336159 1 1 1 1 1 6 6 6 6 6 27 27 27 27 27 101 109 109 109 109 340 426 430 438 438
7243 11980501 25 25 25 25 25 149 149 149 149 149 698 701 702 713 713 3036 3117 3146 3271 3283 11574 13167 13744 14759 14874
6733 3357835 9 9 9 9 9 43 43 43 43 43 200 206 208 208 208 907 949 970 979 983 3350 3867 4093 4246 4296
4587 1042506 4 4 4 4 4 12 12 12 12 12 68 68 68 68 68 269 277 277 277 277 1043 1225 1266 1304 1304
9649 265252 3 3 3 3 3 8 8 8 8 8 22 22 22 22 22 76 76 76 76 77 293 325 332 336 348
6439 417958 5 5 5 5 5 11 11 11 11 11 37 37 37 37 37 128 128 128 128 134 449 493 495 521 555
3569 408777 3 3 3 3 3 12 12 12 12 12 37 37 37 37 37 118 133 133 133 133 409 513 521 523 537
3171 2919356 5 5 5 5 5 33 33 33 33 33 154 154 158 158 160 655 680 730 734 746 2477 2902 3255 3316 3431
9447 364439 2 2 2 2 2 10 10 10 10 10 23 23 23 23 23 95 96 96 96 96 327 396 403 429 429
4693 9697337 18 18 18 18 18 119 119 121 121 121 542 544 590 592 593 2281 2379 2614 2660 2676 8910 10303 11744 12199 12298
8479 40142402 106 106 106 106 106 499 500 505 505 505 2284 2316 2356 2372 2372 9933 10495 10863 11066 11080 37830 44784 48137 49974 50333
4947 184290 1 1 1 1 1 6 6 6 6 6 14 14 14 14 14 59 59 59 59 59 221 224 233 233 233
1627 751531 3 3 3 3 3 7 7 7 7 7 45 45 45 45 45 196 199 200 200 200 779 879 931 951 951
8609 2090277 2 2 2 2 2 28 28 28 28 28 123 123 123 123 123 524 537 543 550 550 2013 2286 2450 2549 2558
2903 963900 4 4 4 4 4 14 14 14 14 14 53 54 54 54 54 203 223 227 230 232 780 1021 1133 1176 1208
9437 276561 1 1 1 1 1 3 3 3 3 3 13 13 13 13 13 55 64 64 70 70 198 271 274 309 309
557 10922496 27 27 27 27 27 144 144 144 144 144 596 598 598 598 598 2739 2888 2905 2924 2925 10654 12537 13094 13364 13437
8629 534817 2 2 2 2 2 6 6 6 6 6 31 31 31 31 31 143 144 147 147 147 558 586 626 645 648
1359 4011529 8 8 8 8 8 43 43 43 43 43 200 202 204 204 204 975 1015 1053 1055 1083 3682 4260 4593 4684 4857
1551 1871881 9 9 9 9 9 32 32 32 32 32 136 136 136 136 136 507 522 535 536 538 1945 2157 2335 2376 2400
9099 1007293 3 3 3 3 3 10 10 15 15 15 29 29 71 71 71 112 115 274 280 280 440 513 1236 1283 1285
2863 792541 5 5 5 5 5 11 11 11 11 11 56 56 56 56 56 216 216 217 217 217 801 873 936 943 955
5069 391237 2 2 2 2 2 8 8 8 8 8 22 22 22 22 22 96 96 116 116 116 365 398 503 504 504
6869 869957 5 5 5 5 5 15 15 15 15 15 56 60 60 60 60 202 249 249 249 249 723 1024 1047 1080 1085
9401 2364443 7 7 7 7 7 31 31 31 31 31 133 158 158 158 158 523 661 665 666 666 2073 2847 2935 2972 2989
5451 3221451 3 3 3 3 3 27 27 27 27 27 179 180 180 180 180 803 866 873 873 874 3095 3671 3917 3988 4054
7933 3881299 14 14 14 14 14 49 49 49 49 49 230 233 233 233 233 988 1027 1062 1062 1062 3844 4435 4793 4854 4871
1883 186361 2 2 2 2 2 6 6 6 6 6 18 18 18 18 18 52 52 56 56 56 168 182 210 212 212
9111 250342 2 2 2 2 2 6 6 6 6 6 19 19 19 19 19 61 65 65 65 65 206 290 295 296 296
7853 6130528 16 16 16 16 16 82 82 82 82 82 387 388 392 393 393 1602 1710 1756 1768 1768 5965 7167 7580 7737 7773
4327 958321 4 4 4 4 4 14 14 14 14 14 53 53 53 53 53 236 240 252 252 252 867 1017 1138 1154 1155
4311 729056 1 1 1 1 1 4 4 4 4 4 32 32 32 32 32 160 173 176 177 177 612 752 798 871 877
2207 254489 2 2 2 2 2 4 4 4 4 4 17 17 17 17 17 55 55 59 67 67 182 190 238 311 311
1267 4255993 14 14 14 14 14 66 66 66 66 66 287 287 287 287 287 1202 1235 1242 1246 1248 4478 5023 5207 5329 5359
7531 927974 3 3 3 3 3 8 8 8 8 8 41 46 46 46 46 166 246 248 248 248 610 1055 1085 1107 1109
4811 330954 4 4 4 4 4 8 8 8 8 8 30 30 30 30 30 92 94 94 94 94 373 419 435 437 437
8149 982524 7 7 7 7 7 22 22 22 22 22 89 89 89 89 89 315 319 319 319 319 1080 1211 1252 1254 1273
4297 818098 2 2 2 2 2 9 9 9 9 9 42 46 46 46 46 200 228 231 231 231 803 977 1031 1040 1047
6009 3814740 7 7 7 7 7 47 47 47 47 47 220 220 220 220 220 971 1037 1042 1054 1054 3666 4386 4569 4714 4732
1309 349416 2 2 2 2 2 5 5 5 5 5 17 17 17 17 17 92 97 101 101 101 321 373 407 412 412
4987 636814 1 1 1 1 1 5 5 5 5 5 28 28 28 28 28 114 127 143 143 146 473 601 755 758 789
2857 2722327 6 6 6 6 6 29 29 29 29 29 139 140 140 140 140 691 733 733 734 734 2729 3308 3401 3440 3447
5933 4779147 8 8 8 8 8 52 52 52 52 52 272 277 277 277 277 1231 1322 1345 1350 1353 4649 5506 5872 5965 6012
4953 277250 3 3 3 3 3 7 7 7 7 7 22 22 22 22 22 78 80 80 80 80 320 350 350 369 370
2023 64090 2 2 2 2 2 5 5 5 5 5 9 9 9 9 9 24 24 24 24 24 94 94 95 95 96
1091 2298836 8 8 8 8 8 37 37 37 37 37 141 142 142 142 142 596 618 618 622 622 2279 2595 2665 2743 2807
2841 881469 4 4 4 4 4 17 17 17 17 17 54 54 54 54 54 225 232 232 234 234 753 930 957 976 980
7457 5698780 12 12 12 12 12 78 78 78 78 78 348 350 350 350 350 1558 1592 1608 1616 1622 5767 6506 6792 6974 7063
981 6885331 20 20 20 20 20 99 99 99 99 99 440 440 443 447 447 1844 1870 1924 1992 1992 6885 7714 8301 8752 8795
2067 16412374 51 51 51 51 51 241 241 241 241 241 1028 1033 1038 1038 1038 4345 4567 4670 4704 4706 16260 18875 20100 20589 20740
5541 288987 2 2 2 2 2 5 5 5 5 5 19 19 19 19 19 82 82 84 84 84 319 341 355 356 356
7167 291325 2 2 2 2 2 5 5 5 5 5 21 21 21 21 21 82 85 85 85 85 306 330 352 362 367
4537 5668457 26 26 26 26 26 80 80 80 80 80 340 340 340 341 341 1440 1506 1511 1546 1554 5247 6119 6394 6803 6922
1587 94559451 288 288 288 288 288 1327 1342 1345 1350 1350 5722 5859 5941 5970 5976 24012 25618 26394 26659 26754 90420 107015 114388 117471 118721
3473 415102 2 2 2 2 2 11 11 11 11 11 30 30 30 30 30 113 115 115 115 115 455 494 509 512 516
9253 1957997 6 6 6 6 6 23 23 23 23 23 137 137 137 137 137 546 562 565 565 567 2036 2360 2482 2498 2515
8101 213777 1 1 1 1 1 5 5 5 5 5 17 17 17 17 17 57 57 57 57 57 208 217 220 257 257
113 7732958 29 29 29 29 29 120 120 120 120 120 501 515 516 516 516 2037 2205 2221 2241 2258 7615 9097 9441 9645 9774
9653 161016 1 1 1 1 1 5 5 5 5 5 13 13 13 13 13 48 48 48 48 48 183 215 215 215 225
759 30998810 101 101 101 101 101 434 438 438 439 439 1904 1972 1987 2000 2002 7753 8385 8628 8761 8788 28919 34695 37340 38556 38954
8623 1845631 8 8 8 8 8 27 27 27 27 27 110 110 110 110 110 479 505 510 510 510 1845 2163 2265 2296 2329
7103 593518 2 2 2 2 2 9 9 9 9 9 40 40 40 40 40 166 168 171 171 171 619 737 766 777 778
8879 260953 2 2 2 2 2 7 7 7 7 7 20 20 20 20 20 77 80 83 83 83 296 331 355 355 355
7517 1081785 4 4 4 4 4 15 15 15 15 15 62 65 65 65 65 267 288 290 299 299 1051 1244 1301 1369 1369
5379 412371 3 3 3 3 3 10 10 10 10 10 29 29 29 29 29 114 119 119 119 119 411 479 503 505 506
3059 3009832 12 12 12 12 12 52 52 52 52 52 212 212 213 213 213 876 882 896 909 909 3226 3507 3650 3838 3861
2257 9359970 28 28 28 28 28 131 131 131 131 131 607 607 607 609 611 2567 2646 2673 2719 2737 9442 10682 11247 11590 11740
5389 58647 1 1 1 1 1 2 2 2 2 2 5 5 5 5 5 18 18 18 18 18 71 75 75 75 78
9849 252389 2 2 2 2 2 3 3 3 3 3 13 13 13 13 13 61 61 61 61 61 254 295 313 315 316
2497 1097223 3 3 3 3 3 21 21 21 21 21 79 79 79 79 79 301 305 308 318 322 1079 1234 1286 1341 1394
7477 383275 1 1 1 1 1 4 4 4 4 4 23 23 23 23 23 116 118 118 118 118 422 456 482 493 493
437 8861237 29 30 30 30 30 108 120 120 120 120 439 525 527 527 527 1851 2361 2430 2447 2454 7002 10098 10830 11031 11117
1623 3022704 7 7 7 7 7 32 32 32 32 32 177 177 177 177 177 788 814 845 845 845 2975 3391 3670 3704 3719
2311 334403 2 2 2 2 2 6 6 6 6 6 19 19 19 19 19 82 83 83 83 83 410 449 452 454 455
4877 1652807 4 4 4 4 4 28 28 28 28 28 118 118 118 118 118 449 472 476 476 482 1672 1955 2022 2039 2091
2963 821561 3 3 3 3 3 13 13 13 13 13 41 41 47 47 47 180 180 221 223 223 668 749 974 998 998
8551 7628918 29 29 29 29 29 119 119 119 119 119 448 463 466 467 467 1916 2037 2120 2138 2142 7186 8492 9293 9567 9633
2691 3127045 11 11 11 11 11 47 47 47 47 47 183 183 183 183 183 821 861 877 880 880 3098 3701 3924 3988 3996
1399 1224559 9 9 9 9 9 26 26 26 26 26 93 93 93 93 93 362 369 376 376 380 1330 1502 1589 1592 1625
6471 65416 1 1 1 1 1 2 2 2 2 2 10 10 10 10 10 29 29 29 29 29 86 88 88 89 94
5537 688378 4 4 4 4 4 16 16 16 16 16 46 46 46 46 46 185 188 191 193 193 680 755 817 858 862
6427 530798 3 3 3 3 3 7 7 7 7 7 30 30 30 30 30 144 144 148 148 148 553 602 645 661 662
2883 286630 2 2 2 2 2 13 13 13 13 13 34 34 34 34 34 97 99 99 99 99 315 342 344 350 353
6301 5864982 6 13 13 13 13 20 59 59 59 59 68 323 324 335 335 299 1560 1592 1661 1661 1129 6533 6937 7409 7463
3091 1733498 8 8 8 8 8 26 26 26 26 26 113 114 114 114 114 427 452 458 459 459 1607 1931 2034 2060 2061
5303 1164964 6 6 6 6 6 16 16 16 16 16 84 85 89 89 89 290 314 335 335 335 1013 1248 1437 1475 1478
6421 32953742 92 92 92 92 92 431 452 452 454 454 1942 2063 2072 2093 2093 8031 8934 9177 9343 9360 29728 36932 39501 41029 41337
3499 57500726 187 187 187 187 187 820 821 824 824 824 3473 3495 3545 3553 3555 14684 15242 15786 15946 16010 55707 64415 69384 71261 72019
5113 535595 4 4 4 4 4 8 8 8 8 8 34 34 34 34 34 152 153 159 159 159 587 622 676 683 686
8413 317338 2 2 2 2 2 6 6 6 6 6 17 17 17 17 17 70 83 83 83 83 275 365 380 381 387
2917 1211906 4 4 4 4 4 16 16 16 16 16 58 61 61 61 61 278 319 320 320 322 1017 1427 1472 1483 1500
3273 1127533 5 5 5 5 5 20 20 20 20 20 73 73 73 73 73 318 320 326 332 332 1178 1265 1342 1419 1419
5621 16528710 48 48 48 48 48 238 238 240 240 240 1009 1019 1054 1065 1067 4212 4365 4564 4677 4718 15712 18030 19644 20496 20805
5441 5211972 14 14 14 14 14 76 76 76 76 76 296 297 298 298 298 1329 1374 1398 1406 1411 5017 5787 6145 6244 6311
9407 156632 2 2 2 2 2 6 6 6 6 6 12 12 12 12 12 43 43 43 56 56 145 153 153 213 213
7877 3510873 9 9 9 9 9 56 56 56 56 56 231 231 231 231 231 933 954 968 976 976 3430 3906 4108 4256 4280
637 886653 3 3 3 3 3 11 11 11 11 11 60 60 61 61 61 211 212 236 243 244 817 898 1032 1081 1097
1299 3609373 7 7 7 7 7 28 28 28 28 28 180 182 183 188 188 855 885 910 956 958 3341 3728 4010 4342 4397
2111 1152237 4 4 4 4 4 17 17 17 17 17 73 73 73 73 73 280 288 296 299 302 1072 1236 1341 1395 1435
1731 924395 5 5 5 5 5 22 22 22 22 22 71 72 72 72 72 263 278 283 283 284 891 1108 1171 1182 1186
2269 198961 3 3 3 3 3 7 7 7 7 7 17 17 17 17 17 60 62 62 62 62 202 224 253 254 254
9557 490992 1 1 1 1 1 3 3 3 3 3 24 24 24 24 24 113 116 131 132 132 425 472 563 599 604
6577 855477 2 2 2 2 2 9 9 9 9 9 47 47 47 47 47 209 231 235 235 235 835 1028 1059 1083 1083
4033 1687495 4 4 4 4 4 22 22 22 22 22 112 112 112 112 112 455 468 470 472 472 1723 1944 2041 2063 2073
9829 177197 1 1 1 1 1 4 4 4 4 4 16 16 16 16 16 44 46 46 46 46 179 218 223 225 225
3921 8572832 26 26 26 26 26 104 104 104 104 104 493 505 505 505 505 2110 2276 2318 2324 2348 8033 9625 10258 10487 10649
4183 64430 2 2 2 2 2 3 3 3 3 3 10 10 10 10 10 30 30 30 30 30 84 94 94 94 94
5009 1361358 1 1 1 1 1 13 13 13 13 13 56 56 64 64 64 290 297 357 359 359 1155 1335 1689 1715 1717
2469 1339060 4 4 4 4 4 16 16 16 16 16 93 95 95 95 95 365 387 393 393 393 1317 1604 1666 1707 1711
3247 221114 1 1 1 1 1 4 4 4 4 4 13 14 14 14 14 65 73 73 73 73 222 309 310 310 313
3049 4442231 9 9 9 9 9 55 55 55 55 55 275 278 278 278 278 1150 1221 1231 1233 1233 4291 5136 5339 5391 5404
2807 1772420 8 8 8 8 8 42 42 42 42 42 129 130 130 130 130 483 495 496 497 517 1790 1967 2065 2122 2247
5761 1485466 2 2 2 2 2 11 11 11 11 11 91 91 91 91 91 377 394 394 394 397 1504 1725 1792 1821 1858
2739 1153968 4 4 4 4 4 15 15 15 15 15 68 68 68 68 68 297 322 335 335 335 1084 1348 1421 1441 1456
6587 1666444 5 5 5 5 5 23 23 23 23 23 108 108 108 108 108 435 446 450 450 450 1687 1962 2038 2043 2052
5589 195163 3 3 3 3 3 10 10 10 10 10 23 23 23 23 23 71 71 71 71 71 219 231 237 237 239
6307 183457 1 1 1 1 1 3 3 3 3 3 13 13 13 13 13 49 49 49 49 49 171 183 186 186 199
1881 670797 4 4 4 4 4 11 11 11 11 11 47 47 47 47 47 208 208 208 208 208 783 832 852 868 869
9927 78703 1 1 1 1 1 2 2 2 2 2 5 5 5 5 5 20 20 20 20 20 65 65 67 77 80
2209 4931980 9 9 9 9 9 68 68 68 68 68 300 307 307 307 307 1243 1353 1358 1368 1370 4715 5733 5989 6122 6172
4153 51215 2 2 2 2 2 3 3 3 3 3 12 12 12 12 12 25 25 25 25 25 76 81 81 81 81
1171 4224102 6 6 6 6 6 29 43 43 43 43 111 232 233 233 233 502 1035 1068 1071 1071 1948 4528 4887 5024 5063
4783 686745 4 4 4 4 4 10 10 10 10 10 34 36 36 36 36 136 182 185 185 185 585 808 836 857 858
873 3819924 11 11 11 11 11 54 54 54 54 54 240 240 241 246 246 954 1007 1033 1095 1097 3502 4092 4315 4685 4712
1127 9480505 17 17 17 17 17 134 134 134 134 134 585 592 594 600 601 2441 2541 2596 2628 2652 9086 10518 11237 11591 11817
6201 1792024 7 7 7 7 7 32 32 32 32 32 107 107 108 108 108 476 496 509 509 509 1733 2064 2206 2218 2238
9243 7135271 27 27 27 27 27 90 90 90 90 90 447 451 451 451 451 1910 2050 2063 2069 2077 7176 8552 8852 9032 9134
9931 541598 1 1 1 1 1 12 12 12 12 12 41 41 41 41 41 143 153 153 153 153 563 639 667 681 683
4073 1358725 6 6 6 6 6 14 14 14 14 14 81 81 81 83 83 343 357 385 411 411 1281 1411 1614 1743 1745
6303 562519 3 3 3 3 3 11 11 11 11 11 27 27 27 27 27 127 142 143 164 164 517 655 666 784 784
7177 10762970 27 27 27 27 27 116 122 123 123 123 523 589 625 625 630 2330 2695 2894 2936 2983 8803 11386 12787 13231 13527
317 3236141 15 15 15 15 15 48 48 48 48 48 188 192 192 192 192 841 908 920 930 931 3057 3621 3803 3961 3988
5883 716219 2 2 2 2 2 6 6 6 6 6 38 38 38 38 38 181 187 190 190 190 744 861 899 919 919
2369 1084509 4 4 4 4 4 13 13 13 13 13 61 61 61 61 61 274 281 282 282 283 1102 1279 1359 1359 1375
4453 255698 1 1 1 1 1 4 4 4 4 4 20 22 22 22 22 58 73 73 73 73 238 324 329 329 330
1039 16473644 41 41 41 41 41 216 216 216 216 216 952 990 990 990 990 4109 4465 4513 4579 4611 15235 18516 19434 20136 20450
8999 304057 2 2 2 2 2 10 10 10 10 10 28 28 28 28 28 94 94 94 94 94 290 324 327 332 336
7619 74783402 233 233 233 233 233 1049 1049 1049 1049 1049 4563 4619 4636 4637 4656 19298 20198 20599 20749 20897 72575 84221 89880 92082 93318
167 4127678 9 9 9 9 9 55 55 55 55 55 266 266 266 266 266 1045 1078 1101 1105 1105 4029 4682 4963 5091 5144
4817 2526674 5 5 5 5 5 22 22 22 22 22 143 143 143 143 143 629 660 680 684 684 2494 2908 3107 3175 3183
4233 1530040 10 10 10 10 10 37 37 37 37 37 108 108 108 108 108 423 426 426 426 427 1583 1788 1884 1898 1911
311 54193704 157 157 157 157 157 752 752 752 752 752 3463 3495 3504 3511 3514 14442 15173 15406 15515 15570 54057 62961 66518 68107 68866
121 4121730 20 20 20 20 20 61 61 61 61 61 254 255 259 259 259 1089 1123 1148 1152 1164 4232 4782 5020 5125 5252
8807 900063 2 2 2 2 2 8 8 8 8 8 55 55 55 55 55 232 239 239 251 251 907 1026 1039 1123 1123
#resid 0 0 0 0 0
