# q=5 mode=cyc roots=300 cp_lo=4 cp_hi=8 buf_lo=9 buf_hi=13 seed=2026
# root nvisited then n_cp*n_buf cumulative counts N(val<=cp[ci], pmax<=buf[bi]) row-major ci,bi
1077 1383828 9 9 9 9 9 27 27 27 27 27 98 98 99 99 99 384 384 397 397 397 1424 1578 1686 1704 1707
1699 7923428 23 23 23 23 23 100 100 100 100 100 473 478 478 481 481 1983 2123 2142 2190 2190 7507 9063 9471 9834 9877
303 2251230 9 9 9 9 9 26 26 26 26 26 133 134 135 135 135 557 580 598 598 606 2209 2453 2694 2748 2806
9511 5240995 15 15 15 15 15 88 88 88 88 88 338 339 339 339 339 1477 1513 1529 1530 1533 5563 6268 6551 6629 6673
2921 1192599 5 5 5 5 5 14 14 14 14 14 71 71 71 71 71 310 316 316 324 324 1219 1377 1406 1489 1520
9989 62865 2 2 2 2 2 4 4 4 4 4 8 8 8 8 8 17 17 17 17 17 58 61 61 65 65
9469 1686276 8 8 8 8 8 20 20 20 20 20 95 95 95 95 95 424 444 457 457 457 1626 1887 2028 2056 2061
881 3894186 6 6 6 6 6 50 50 50 50 50 204 206 206 213 213 955 997 1008 1046 1046 3634 4249 4471 4727 4773
3817 335561 4 4 4 4 4 7 7 7 7 7 25 25 25 25 25 101 104 104 104 104 360 404 406 408 413
6823 22633656 63 63 63 63 63 279 279 279 280 280 1368 1378 1395 1416 1416 5654 5915 6146 6327 6351 21004 24630 26849 28131 28486
5489 95387 1 1 1 1 1 5 5 5 5 5 12 12 12 12 12 34 34 34 34 34 115 116 117 118 127
4229 746462 1 1 1 1 1 10 10 10 10 10 54 54 54 54 54 226 230 230 230 232 812 917 928 931 945
9383 1026362 4 4 4 4 4 15 15 15 15 15 59 60 60 60 60 304 313 318 318 318 1155 1275 1341 1366 1366
1931 1251158 3 3 3 3 3 23 23 23 23 23 70 76 76 76 76 336 373 373 373 373 1234 1485 1550 1555 1566
4409 10781095 41 41 41 41 41 157 158 158 158 158 666 684 686 686 686 2769 2970 3007 3016 3020 10586 12619 13209 13524 13594
3647 395796 2 2 2 2 2 6 6 6 6 6 31 31 31 31 31 119 120 120 120 120 443 474 486 488 494
9637 321445 2 2 2 2 2 5 5 5 5 5 21 21 21 21 21 92 99 100 100 101 316 391 410 411 424
9697 75305 1 1 1 1 1 3 3 3 3 3 7 7 7 7 7 17 17 17 17 17 61 73 75 77 77
8649 492956 4 4 4 4 4 11 11 11 11 11 32 32 32 32 32 153 153 153 156 156 506 600 616 654 658
2967 2712348 8 8 8 8 8 36 36 36 36 36 160 162 162 165 165 668 700 710 740 740 2630 3044 3243 3427 3440
1657 1929554 9 9 9 9 9 33 33 33 33 33 144 144 144 144 144 554 560 564 564 566 2157 2360 2449 2470 2492
4433 833325 7 7 7 7 7 14 14 14 14 14 60 60 60 60 60 237 237 237 237 237 877 969 1007 1012 1018
7777 882317 4 4 4 4 4 17 17 17 17 17 63 64 64 64 64 227 237 243 243 243 901 1017 1089 1110 1118
943 1416638 6 6 6 6 6 26 26 26 26 26 90 90 93 93 93 351 385 400 400 400 1272 1559 1674 1720 1735
6521 2344569 9 9 9 9 9 22 27 27 27 27 95 140 140 140 140 410 643 645 651 653 1464 2716 2819 2870 2888
2081 13353011 53 53 53 53 53 203 204 204 204 204 848 860 861 861 861 3539 3726 3740 3750 3759 13456 15655 16220 16546 16729
9753 1201109 1 1 1 1 1 13 13 13 13 13 69 69 69 69 69 303 346 346 346 346 1155 1444 1472 1484 1488
1069 1217170 4 4 4 4 4 10 10 10 10 10 53 57 58 58 58 228 278 301 303 303 856 1287 1469 1497 1498
653 3015649 4 4 4 4 4 31 31 31 31 31 178 178 178 181 181 774 802 825 843 843 2926 3405 3629 3807 3822
1573 1072604 6 6 6 6 6 19 19 19 19 19 74 74 74 74 74 311 316 324 325 325 1122 1230 1318 1335 1338
7977 3364574 8 8 8 8 8 44 44 44 44 44 225 236 236 236 236 832 950 952 966 968 3165 3893 4087 4213 4236
4823 14831845 37 37 37 37 37 173 176 178 178 178 869 892 902 918 918 3736 3929 4031 4189 4198 14313 16599 17698 18684 18840
2579 11529292 34 34 34 34 34 163 163 163 163 163 752 759 763 763 763 3113 3285 3348 3363 3365 11416 13267 14008 14338 14462
9889 418265 3 3 3 3 3 6 6 6 6 6 29 29 29 29 29 123 125 129 129 129 463 504 547 557 570
8811 306393 2 2 2 2 2 7 7 7 7 7 20 20 20 20 20 67 67 67 67 67 270 305 319 326 334
1491 1012091 5 5 5 5 5 12 12 12 12 12 57 57 57 57 57 262 270 270 272 272 1024 1169 1214 1257 1275
1079 2051590 6 6 6 6 6 30 30 30 30 30 131 131 131 131 131 548 573 583 586 586 2072 2433 2563 2613 2633
3649 2408309 6 6 6 6 6 33 33 33 33 33 148 148 148 151 151 646 656 663 687 687 2353 2642 2805 2987 2992
7071 194299 1 1 1 1 1 6 6 6 6 6 15 15 15 15 15 54 54 54 54 54 217 235 238 243 246
3721 696954 5 5 5 5 5 10 10 10 10 10 47 47 47 47 47 171 176 187 188 188 687 794 847 867 882
4049 1796716 8 8 8 8 8 30 30 30 30 30 119 120 120 120 120 468 482 487 488 488 1853 2102 2209 2240 2249
3927 12667896 38 38 38 38 38 150 150 150 150 150 781 792 794 794 795 3310 3515 3568 3584 3595 12266 14389 15166 15481 15651
109 3275097 15 15 15 15 15 66 66 66 66 66 226 226 226 226 226 865 901 915 918 919 3263 3785 3974 4028 4061
8309 1311158 8 8 8 8 8 23 23 23 23 23 85 85 85 85 85 368 371 374 374 374 1394 1512 1621 1638 1658
8129 320393 1 1 1 1 1 4 4 4 4 4 19 19 19 19 19 81 81 81 81 87 317 344 354 358 389
7069 3773250 6 6 6 6 6 44 44 44 44 44 215 225 225 225 225 938 1019 1019 1033 1033 3541 4292 4400 4554 4600
1401 1102518 3 3 3 3 3 18 18 18 18 18 57 57 57 57 62 263 277 278 279 306 934 1068 1106 1140 1322
2793 2192784 6 6 6 6 6 36 36 36 36 36 176 176 176 176 176 662 667 683 684 684 2427 2667 2793 2873 2877
9041 52098 1 1 1 1 1 3 3 3 3 3 7 7 7 7 7 27 27 27 27 27 71 71 71 71 71
377 13456412 42 42 42 42 42 184 185 185 185 185 820 846 846 854 854 3438 3706 3748 3799 3809 12804 15452 16104 16580 16700
219 8006144 26 26 26 26 26 108 108 108 108 108 497 502 504 504 504 2100 2206 2234 2251 2251 7988 9327 9780 10026 10119
6749 961358 3 3 3 3 3 12 12 12 12 12 57 57 62 62 62 231 237 263 263 263 876 1006 1205 1214 1223
4341 3750537 14 14 14 14 14 64 64 64 64 64 233 240 240 240 240 1006 1105 1116 1128 1128 3649 4423 4664 4795 4808
5053 18316288 52 52 52 52 52 271 273 276 276 277 1048 1087 1117 1121 1133 4457 4820 5081 5137 5194 16509 19908 21988 22523 23001
4001 12884293 54 54 54 54 54 225 225 225 225 225 841 850 851 854 854 3416 3625 3685 3722 3730 12576 14799 15635 16002 16243
8597 339718 1 1 1 1 1 3 3 3 3 3 22 22 22 22 22 79 79 79 84 84 287 340 351 393 393
5583 746336 3 3 3 3 3 11 11 11 11 11 49 49 49 49 49 206 214 216 216 216 742 826 890 912 914
9399 1084316 1 1 1 1 1 18 18 18 18 18 71 71 71 71 71 291 292 295 298 298 1129 1192 1294 1322 1324
9441 97232 1 1 1 1 1 3 3 3 3 3 10 10 10 10 10 28 28 28 29 29 97 103 105 115 115
357 1120495 4 4 4 4 4 23 23 23 23 23 76 76 76 76 76 297 305 307 307 308 1082 1248 1298 1324 1333
3471 92685 1 1 1 1 1 4 4 4 4 4 8 8 8 8 8 24 24 24 24 24 102 107 109 109 109
287 75369486 199 199 199 199 199 1021 1021 1021 1026 1026 4556 4590 4618 4700 4701 19456 20306 20732 21329 21391 73291 84473 89699 94061 94934
1483 3131068 11 11 11 11 11 43 43 43 43 43 192 192 194 196 196 769 807 838 851 852 2891 3472 3745 3841 3892
4203 311777 1 1 1 1 1 6 6 6 6 6 16 16 16 16 16 79 81 81 81 81 338 371 398 400 400
8199 2071701 5 5 5 5 5 28 28 28 28 28 113 113 113 113 113 558 571 575 575 575 2164 2489 2589 2614 2627
3017 9105934 11 11 11 11 11 92 97 97 97 97 434 480 521 521 524 1889 2223 2537 2555 2586 7164 9265 10980 11164 11338
8673 15057020 32 32 32 32 32 180 180 180 180 180 928 939 939 941 941 3787 4014 4086 4137 4151 14513 17153 18016 18536 18763
9217 122910 1 1 1 1 1 4 4 4 4 4 9 9 9 9 9 26 34 34 34 34 74 128 131 133 135
3799 1140972 5 5 5 5 5 14 14 14 14 14 71 71 71 71 71 319 321 325 325 325 1264 1398 1461 1470 1480
481 2904583 9 9 9 9 9 40 40 40 40 40 166 177 178 178 178 717 825 855 855 855 2707 3480 3689 3703 3735
9669 1215165 4 4 4 4 4 9 9 9 9 9 56 56 74 74 74 211 250 335 335 335 773 1033 1516 1530 1532
8521 1728023 1 1 1 1 1 29 29 29 29 29 106 106 106 106 106 409 427 427 435 443 1614 1917 1976 2057 2120
4429 651341 2 2 2 2 2 5 5 5 5 5 19 28 28 28 28 121 188 188 188 188 432 811 830 832 832
679 3145012 12 12 12 12 12 57 57 57 57 57 215 215 225 225 225 804 832 900 904 904 3009 3422 3917 3990 3998
1043 1573314 6 6 6 6 6 20 20 20 20 20 77 80 81 81 81 367 395 407 415 415 1378 1747 1854 1913 1924
8687 83619 2 2 2 2 2 3 3 3 3 3 10 10 10 10 10 25 27 27 27 27 85 109 116 116 116
687 34697898 110 110 110 110 110 476 476 476 478 478 2036 2115 2126 2154 2156 8710 9378 9577 9792 9853 32233 38754 41136 42821 43402
2021 8474879 20 20 20 20 20 116 116 116 116 116 518 519 526 526 526 2289 2357 2406 2426 2442 8558 9761 10325 10637 10779
8009 125879 1 1 1 1 1 4 4 4 4 4 9 9 9 9 9 39 39 39 39 39 142 156 158 160 163
5183 27423663 90 90 90 90 90 400 405 405 406 406 1715 1757 1761 1784 1784 6965 7409 7533 7723 7734 26428 30862 32595 34217 34488
5891 1319492 3 4 4 4 4 19 27 27 27 27 57 79 79 79 80 235 353 357 357 370 901 1540 1591 1599 1694
5823 989979 2 2 2 2 2 11 11 11 11 12 54 54 54 54 67 208 224 225 225 264 803 995 1046 1051 1220
2697 474768 5 5 5 5 5 10 10 10 10 10 34 34 34 34 35 152 153 153 155 162 516 577 582 601 631
7277 2510393 5 5 5 5 5 34 34 34 34 34 155 155 156 156 156 622 652 682 683 683 2402 2777 3105 3145 3149
797 10106901 20 20 20 20 20 110 110 110 110 110 523 533 541 563 563 2298 2461 2542 2656 2662 8973 10736 11610 12368 12478
9661 1301586 2 2 2 2 2 17 17 17 17 17 84 84 84 84 84 359 363 371 371 371 1395 1529 1617 1636 1663
7801 774280 3 3 3 3 3 16 16 16 16 16 47 49 49 49 49 221 235 235 244 244 837 952 980 1027 1031
6517 634412 1 1 1 1 1 9 9 9 9 9 46 46 46 46 47 178 181 182 182 195 661 713 767 779 852
927 7358730 30 30 30 30 30 115 115 115 115 115 467 508 508 508 511 1763 2044 2084 2087 2114 6565 8480 8985 9156 9320
7951 55349 2 2 2 2 2 3 3 3 3 3 8 8 8 8 8 22 23 23 23 23 67 76 79 79 79
1763 642001 3 3 3 3 3 13 13 13 13 13 43 43 43 43 43 171 177 177 177 177 587 695 735 756 756
2387 1957596 2 2 2 2 2 13 13 14 14 14 85 94 105 105 105 400 456 542 548 548 1529 1953 2442 2541 2545
3353 650079 6 6 6 6 6 18 18 18 18 18 58 58 58 58 58 195 203 203 203 203 682 779 825 827 831
4071 2608345 7 7 7 7 7 35 35 35 35 35 169 169 169 169 169 668 693 693 693 694 2559 3055 3148 3178 3201
9161 180728 1 1 1 1 1 5 5 5 5 5 10 10 10 10 10 48 50 50 50 50 170 209 213 221 221
2439 7451708 28 28 28 28 28 108 108 110 110 110 440 440 468 468 468 1799 1869 2027 2049 2051 6903 8014 9049 9346 9420
1729 11584526 47 47 47 47 47 178 178 178 178 178 748 760 760 761 761 3044 3224 3252 3291 3291 11371 13455 14016 14373 14442
9419 150346 1 1 1 1 1 6 6 6 6 6 12 12 12 12 12 51 51 51 51 51 189 196 197 197 198
6369 74253 1 1 1 1 1 4 4 4 4 4 10 10 10 10 10 27 27 27 27 27 106 113 113 113 113
8627 185853 2 2 2 2 2 4 4 4 4 4 15 15 15 15 15 53 53 53 53 53 217 243 245 245 245
7001 510776 3 3 3 3 3 7 7 7 7 7 30 33 33 33 33 119 157 157 157 157 430 593 609 630 633
1819 15973144 34 40 40 40 40 163 188 188 188 188 862 1000 1005 1005 1005 3553 4265 4353 4395 4419 13373 17978 19100 19567 19830
7831 482664 3 3 3 3 3 8 8 8 8 8 33 33 33 33 33 128 133 137 137 137 456 531 556 571 574
457 1037247 5 5 5 5 5 15 15 15 15 15 72 72 72 72 72 283 295 300 309 309 1044 1198 1275 1335 1335
8001 4692292 13 13 13 13 13 64 64 64 64 64 295 312 313 314 314 1192 1337 1358 1377 1395 4375 5341 5632 5795 5891
8233 492560 2 2 2 2 2 9 9 9 9 9 33 33 35 35 35 126 127 155 155 155 442 482 609 609 622
9781 2964563 6 6 6 6 6 44 44 44 44 44 191 203 203 203 203 744 803 804 811 811 2872 3452 3585 3697 3714
5717 157741 1 1 1 1 1 5 5 5 5 5 10 10 10 10 10 48 53 53 53 53 171 220 235 237 237
6743 20423303 75 75 75 75 75 282 282 282 282 282 1250 1269 1270 1271 1272 5394 5697 5778 5823 5839 20297 23701 25000 25658 25879
9087 585307 1 1 1 1 1 9 9 9 9 9 38 38 38 38 38 158 160 160 163 163 620 697 702 726 726
7451 1297340 5 5 5 5 5 17 17 17 17 17 92 92 92 92 92 342 347 347 347 347 1349 1513 1578 1597 1615
8377 379505 3 3 3 3 3 11 11 11 11 11 32 32 32 32 32 116 125 125 125 125 422 481 486 488 489
8013 1725901 1 1 1 1 1 15 15 15 15 15 73 74 87 90 90 337 376 473 483 491 1316 1577 2085 2168 2203
819 731550 6 6 6 6 6 12 12 12 12 12 39 39 39 39 39 150 165 174 174 174 590 732 829 859 860
8003 6227222 12 17 17 17 17 60 81 81 81 81 296 399 403 403 403 1185 1720 1761 1778 1779 4570 7186 7665 7812 7882
389 23089532 76 76 76 76 76 330 330 330 330 330 1387 1450 1454 1454 1458 5734 6210 6345 6384 6489 21369 25716 27359 28028 28733
6349 244963 1 1 1 1 1 5 5 5 5 5 25 25 25 25 25 72 72 72 72 72 282 307 320 320 324
5997 556955 2 2 2 2 2 8 8 8 8 8 34 34 34 34 34 140 152 154 154 154 527 677 714 727 727
6319 4112217 11 11 11 11 11 59 59 59 59 59 250 254 254 254 254 1091 1135 1171 1181 1181 4079 4685 5109 5219 5251
1271 839322 3 3 3 3 3 19 19 19 19 19 49 49 49 49 49 229 230 234 234 234 847 951 1004 1031 1031
3167 17053438 45 45 45 45 45 221 221 221 221 221 1037 1060 1064 1066 1067 4223 4505 4633 4694 4716 15929 18920 20173 20774 21088
7499 1305746 4 4 4 4 4 13 13 13 13 13 85 85 85 85 85 376 376 378 378 378 1433 1553 1628 1633 1643
7903 2471831 11 11 11 11 11 35 35 35 35 35 148 152 152 152 152 593 634 645 652 652 2212 2622 2888 2979 2995
5409 8091810 29 29 29 29 29 126 126 126 126 126 501 503 503 503 503 2103 2205 2226 2234 2245 7860 9162 9676 9862 10021
2277 1717446 8 8 8 8 8 42 42 42 42 42 125 125 125 125 125 481 505 505 508 508 1697 1989 2037 2084 2103
7401 224813 4 4 4 4 4 10 10 10 10 10 27 27 27 27 27 82 82 82 82 82 254 280 285 293 295
6027 251634 2 2 2 2 2 8 8 8 8 8 18 18 18 18 18 74 75 75 75 75 293 322 332 341 346
4911 998660 4 4 4 4 4 20 20 20 20 20 72 72 72 72 72 293 301 302 302 302 1043 1198 1271 1273 1292
2403 1712803 5 5 5 5 5 20 20 20 20 20 103 104 104 104 104 440 457 461 461 461 1829 2063 2146 2153 2161
7963 1007742 2 2 2 2 2 6 6 6 6 6 45 45 46 46 46 203 226 258 258 258 844 1028 1255 1271 1275
4191 52463 1 1 1 1 1 3 3 3 3 3 5 5 5 5 5 20 22 22 22 22 61 83 83 83 83
5087 637490 2 2 2 2 2 8 8 8 8 8 43 43 43 43 43 172 192 192 192 192 654 812 849 851 852
1477 7649446 25 25 25 25 25 98 98 99 99 99 446 454 460 463 463 1855 1964 2050 2118 2125 6949 8096 8869 9430 9500
499 10899296 25 25 25 25 25 145 145 145 145 145 653 673 675 682 682 2666 2845 2941 3006 3007 10083 11996 12995 13602 13668
5491 945834 7 7 7 7 7 17 17 17 17 17 63 63 63 63 63 236 245 246 251 251 961 1084 1117 1183 1193
9359 4232545 11 11 11 11 11 49 49 49 49 49 270 272 272 272 272 1172 1211 1213 1227 1229 4307 4870 5030 5204 5257
9917 161659 1 1 1 1 1 2 2 2 2 2 15 15 15 15 15 49 49 50 50 50 206 214 221 221 222
8359 248776 4 4 4 4 4 10 10 10 10 10 21 21 21 21 21 75 76 76 76 76 281 308 319 331 331
2461 10601324 43 43 43 43 43 180 180 180 180 180 720 723 723 723 723 2873 3014 3052 3064 3067 10883 12653 13244 13490 13589
8633 963974 2 2 2 2 2 16 16 16 16 16 71 71 71 71 71 254 261 261 261 261 997 1171 1218 1232 1232
5661 83444 2 2 2 2 2 6 6 6 6 6 13 13 13 13 13 42 42 42 42 42 138 138 139 139 139
139 8513961 35 35 35 35 35 125 125 125 125 125 491 501 506 506 513 2140 2207 2281 2290 2365 8096 9292 9885 10045 10598
9519 270863 1 1 1 1 1 4 4 4 4 4 23 23 23 23 23 81 84 84 84 84 289 348 352 355 355
279 6996983 23 23 23 23 23 106 106 106 106 106 433 436 436 439 439 1800 1899 1935 1965 1970 6843 7955 8455 8729 8806
3657 559087 2 2 2 2 2 9 9 9 9 9 30 30 30 30 30 137 151 154 154 154 498 616 650 662 664
2437 128728 3 3 3 3 3 6 6 6 6 6 17 17 17 17 17 54 54 54 54 54 150 163 172 172 172
4849 916295 5 5 5 5 5 16 16 16 16 16 63 63 65 65 65 256 263 284 284 286 948 1038 1172 1182 1219
2761 611997 5 5 5 5 5 13 13 13 13 13 35 35 35 35 35 156 160 166 166 166 598 698 775 780 780
6603 1764207 6 6 6 6 6 36 36 36 36 36 126 129 129 129 129 483 515 518 523 523 1861 2179 2283 2338 2341
1189 1194999 5 5 5 5 5 18 18 18 18 18 76 80 80 80 80 327 343 343 343 343 1220 1398 1461 1483 1495
5027 13569129 29 29 29 29 29 172 173 173 173 173 785 810 817 818 821 3316 3549 3668 3716 3740 12350 14852 16118 16593 16859
1703 7927226 19 19 19 19 19 75 96 96 96 96 322 437 440 440 440 1431 2027 2071 2104 2106 5638 8899 9353 9687 9799
5881 1528045 3 3 3 3 3 31 31 31 31 31 117 118 118 118 118 433 449 457 461 461 1598 1818 1906 1949 1961
543 15652066 45 45 45 45 45 196 196 196 196 201 915 935 935 936 972 3907 4103 4202 4259 4395 14777 17089 18326 18966 19656
1519 12006062 38 38 38 38 38 161 161 161 161 161 697 698 710 717 717 3021 3105 3204 3273 3287 11522 13121 14182 14716 14920
2913 2627279 4 4 4 4 4 45 45 45 45 45 188 188 188 188 188 728 749 752 763 764 2766 3055 3185 3268 3297
8313 553566 2 2 2 2 2 10 10 10 10 10 40 40 40 40 40 187 189 189 189 189 646 720 739 754 754
7243 4417635 13 13 13 13 13 60 60 61 61 61 221 230 248 248 248 982 1066 1165 1168 1168 3715 4644 5308 5403 5430
6733 111670 2 2 2 2 2 6 6 6 6 6 15 15 15 15 15 47 47 47 47 47 139 157 157 157 157
4587 10755388 39 39 39 39 39 173 173 173 173 173 678 683 685 687 690 2816 2920 2960 3008 3048 10669 12310 12910 13287 13530
9649 971376 3 3 3 3 3 9 9 9 9 9 62 62 62 62 72 220 225 226 226 285 721 828 894 897 1196
6439 1083184 3 3 3 3 3 16 16 16 16 16 71 71 72 72 72 261 277 293 293 293 959 1136 1315 1360 1361
3569 716651 3 3 3 3 3 10 10 10 10 10 47 47 47 47 47 187 190 191 192 192 761 813 844 855 855
3171 3475425 7 7 7 7 7 48 48 48 48 48 204 210 211 211 211 837 915 942 945 946 3290 3922 4233 4289 4329
9447 919601 2 2 2 2 2 6 6 6 6 6 43 43 43 43 43 192 214 215 217 217 785 1036 1060 1104 1112
4693 991682 6 6 6 6 6 14 14 14 14 14 51 51 51 51 51 222 234 238 246 246 855 1061 1141 1184 1188
8479 949688 6 6 6 6 6 16 16 16 16 16 64 64 64 64 64 255 262 267 269 269 1055 1157 1205 1237 1238
4947 183873 1 1 1 1 1 4 4 4 4 4 12 12 12 12 12 63 63 67 67 67 169 183 207 210 211
1627 1332403 3 3 3 3 3 19 19 19 19 19 78 78 78 78 78 363 369 380 380 380 1388 1536 1647 1673 1683
8609 439977 1 1 1 1 1 4 4 4 4 4 29 29 29 29 29 121 124 125 125 125 487 552 576 577 580
2903 666432 3 3 3 3 3 12 12 12 12 12 48 50 50 50 50 184 210 210 215 217 621 812 834 859 885
9437 226449 1 1 1 1 1 3 3 3 3 3 9 9 9 9 9 46 46 46 48 48 182 192 197 231 232
557 30671626 91 91 91 91 91 429 430 430 430 430 1887 1934 1955 1955 1955 7889 8414 8662 8683 8701 29679 34875 37512 38185 38474
8629 862823 3 3 3 3 3 13 13 13 13 13 58 58 58 58 58 259 264 264 265 265 936 1028 1057 1075 1076
1359 1358589 5 5 5 5 5 23 23 23 23 23 83 83 83 83 83 336 366 368 368 375 1258 1520 1602 1618 1657
1551 9962857 27 27 27 27 27 132 132 132 132 132 610 611 616 616 618 2486 2572 2612 2635 2677 9642 10987 11664 12030 12370
9099 810406 6 6 6 6 6 16 16 16 16 16 54 54 54 54 54 212 217 225 225 225 815 903 983 992 1000
2863 85594 3 3 3 3 3 5 5 5 5 5 9 9 9 9 9 26 26 26 26 26 105 107 107 107 107
5069 70653 2 2 2 2 2 5 5 5 5 5 9 9 9 9 9 23 23 23 23 23 76 81 81 88 90
6869 428750 3 3 3 3 3 8 8 8 8 8 22 22 22 22 22 103 113 113 113 113 419 520 533 533 533
9401 888641 5 5 5 5 5 9 9 9 9 9 43 55 55 55 55 178 241 241 245 245 709 1069 1115 1140 1151
5451 1094464 3 3 3 3 3 13 13 13 13 13 64 65 65 65 65 280 295 296 301 301 1125 1319 1385 1426 1436
7933 6409353 13 13 13 13 13 79 79 79 79 79 418 419 419 419 419 1743 1805 1816 1826 1831 6599 7625 7952 8107 8206
1883 363028 2 2 2 2 2 7 7 7 7 7 23 23 23 23 23 90 90 91 91 91 355 404 426 429 435
9111 2339234 7 7 7 7 7 26 26 26 26 26 120 123 123 123 123 555 636 658 659 659 1999 2581 2801 2867 2880
7853 160558 3 3 3 3 3 7 7 7 7 7 15 15 15 15 15 47 47 47 47 47 194 203 207 211 211
4327 1677480 3 3 3 3 3 24 24 24 24 24 112 112 112 112 112 458 460 475 482 482 1714 1845 1960 2070 2085
4311 566404 1 1 1 1 1 5 5 5 5 5 39 39 39 39 39 157 158 158 158 158 614 696 705 710 726
2207 632284 2 2 2 2 2 11 11 11 11 11 40 40 40 40 40 169 172 172 172 176 646 708 757 758 779
1267 11814432 30 33 33 33 33 132 153 153 153 153 584 686 711 711 711 2536 3001 3205 3217 3227 9477 12783 14240 14512 14646
7531 18419228 36 36 36 36 36 240 245 245 245 245 1054 1098 1100 1100 1111 4475 4907 4969 5004 5081 16826 20658 21744 22318 22907
4811 1811030 6 6 6 6 6 22 22 22 22 22 100 126 126 126 126 365 500 504 510 510 1393 2119 2225 2289 2314
8149 2937136 2 2 2 2 2 43 43 43 43 43 184 184 184 184 184 840 853 853 858 871 3158 3432 3555 3639 3723
4297 3902301 11 11 11 11 11 47 47 47 47 47 247 247 247 247 247 1088 1141 1157 1157 1157 3949 4634 4874 4955 4980
6009 2058570 7 7 7 7 7 32 32 32 32 32 133 133 133 133 133 559 570 572 572 577 2198 2438 2531 2587 2640
1309 187539 2 2 2 2 2 6 6 6 6 6 12 12 12 12 12 47 47 47 47 47 185 215 219 220 220
4987 176966 1 1 1 1 1 4 4 4 4 4 9 9 9 9 9 53 53 53 53 53 198 217 224 228 238
2857 449664 4 4 4 4 4 12 12 12 12 12 36 36 36 36 36 142 142 144 150 150 488 508 523 569 572
5933 1889142 10 10 10 10 10 33 33 33 33 33 139 142 142 142 142 529 557 558 560 560 1954 2278 2353 2366 2372
4953 1978537 3 3 3 3 3 15 15 15 15 15 79 95 95 106 106 338 475 485 543 543 1306 2030 2124 2459 2470
2023 342870 2 2 2 2 2 3 3 3 3 3 14 14 14 14 14 82 84 94 94 94 327 385 435 435 435
1091 1393058 7 7 7 7 7 22 22 22 22 22 82 85 85 85 85 366 394 394 394 396 1275 1610 1675 1683 1701
2841 1332488 3 3 3 3 3 13 13 13 13 13 52 55 55 55 55 245 327 333 333 334 985 1429 1525 1547 1572
7457 3235027 9 9 9 9 9 35 38 38 38 38 174 192 201 201 201 751 871 915 933 935 2738 3532 3882 4007 4042
981 5397456 21 21 21 21 21 79 79 79 79 79 333 336 340 340 340 1428 1485 1506 1524 1543 5320 6287 6615 6812 6942
2067 3889483 12 12 12 12 12 47 47 47 47 47 214 238 238 238 238 862 1002 1039 1063 1065 3265 4259 4670 4845 4885
5541 394103 3 3 3 3 3 7 7 7 7 7 19 19 19 20 20 97 98 106 114 114 390 438 478 509 510
7167 86941 2 2 2 2 2 7 7 7 7 7 12 12 12 12 12 34 34 34 34 34 94 101 118 118 118
4537 470330 4 4 4 4 4 9 9 9 9 9 41 41 41 41 41 136 138 138 138 138 505 553 565 567 573
1587 8807861 31 31 31 31 31 142 142 142 142 142 583 586 587 587 587 2405 2498 2539 2540 2551 9048 10377 10918 11124 11266
3473 293162 2 2 2 2 2 6 6 6 6 6 28 28 28 28 28 86 86 86 86 86 303 352 363 363 363
9253 1171586 4 4 4 4 4 14 14 14 14 14 69 69 69 69 69 325 352 352 353 353 1188 1476 1513 1537 1537
8101 1870743 2 2 2 2 2 26 26 26 26 26 101 101 101 101 101 479 496 499 499 501 1828 2104 2182 2215 2253
113 24908984 56 59 59 59 59 278 302 302 302 302 1272 1474 1486 1486 1486 5377 6648 6800 6815 6828 20589 28502 30245 30792 31179
9653 138060 1 1 1 1 1 3 3 3 3 3 10 10 10 10 10 52 52 52 52 52 176 184 185 193 193
759 2793226 13 13 13 13 13 42 43 43 43 43 155 163 163 163 163 671 740 751 751 760 2613 3283 3424 3450 3516
8623 3534605 10 10 10 10 10 52 52 52 52 52 241 246 246 246 246 928 1004 1009 1010 1010 3699 4377 4508 4593 4597
7103 214788 2 2 2 2 2 5 5 5 5 5 15 15 15 15 15 47 48 48 48 48 175 213 231 242 242
8879 447338 2 2 2 2 2 7 7 7 7 7 35 35 35 35 35 151 154 154 154 154 513 609 610 620 624
7517 6751828 15 15 15 15 15 70 72 72 72 72 344 369 369 374 374 1558 1782 1821 1850 1850 5779 7479 7971 8262 8290
5379 233003 4 4 4 4 4 6 6 6 6 6 18 18 18 18 18 76 78 78 78 78 293 329 336 343 345
3059 7873574 24 24 24 24 24 101 101 101 101 101 499 500 502 502 502 2113 2184 2258 2275 2279 7992 9110 9706 9980 10075
2257 6145293 23 23 23 23 23 98 98 98 98 98 393 397 397 397 399 1600 1666 1694 1698 1731 5872 6825 7263 7370 7634
5389 131035 1 1 1 1 1 2 2 2 2 2 8 8 8 8 8 29 29 29 33 33 104 110 124 159 159
9849 86528 2 2 2 2 2 3 3 3 3 3 10 10 10 10 10 35 37 37 37 37 113 134 135 135 135
2497 6349966 28 28 28 28 28 95 95 95 95 95 422 422 423 423 423 1677 1747 1769 1777 1788 6220 7207 7590 7711 7813
7477 2496542 5 5 5 5 5 28 28 28 28 28 123 133 133 152 152 482 574 581 716 717 1804 2365 2482 3211 3241
437 16800009 43 43 43 43 43 195 195 196 197 197 982 994 1008 1024 1024 4099 4354 4479 4611 4616 15798 18503 19805 20856 21062
1623 9544520 16 16 16 16 16 91 91 104 104 104 431 442 530 530 530 1954 2152 2615 2618 2621 7337 9167 11494 11658 11774
2311 1222825 2 2 2 2 2 16 16 16 16 16 70 71 71 71 71 329 340 357 363 363 1217 1364 1500 1550 1552
4877 3047987 12 12 12 12 12 41 41 41 41 41 198 206 206 206 206 832 872 900 901 901 2969 3471 3706 3760 3777
2963 521516 2 2 2 2 2 10 10 10 10 10 38 38 38 38 38 153 160 160 160 160 578 679 704 704 704
8551 29657878 78 78 78 78 78 403 403 404 404 404 1737 1756 1772 1772 1777 7406 7907 8100 8161 8209 28138 33434 35650 36463 36896
2691 2002705 2 2 2 2 2 28 28 28 28 28 103 106 110 110 110 464 530 564 566 567 1736 2190 2424 2474 2500
1399 4153474 12 12 12 12 12 58 58 58 58 58 241 241 255 255 255 1024 1079 1133 1135 1137 3697 4473 4918 5025 5074
6471 234127 1 1 1 1 1 2 2 2 2 2 8 14 14 14 14 31 64 64 65 65 110 282 283 311 311
5537 2812073 11 11 11 11 11 38 38 38 38 38 190 190 190 190 190 789 792 802 808 808 2968 3169 3403 3485 3497
6427 440028 5 5 5 5 5 11 11 11 11 11 30 31 31 31 31 115 133 133 133 133 465 561 572 572 578
2883 368506 2 2 2 2 2 8 8 8 8 8 32 32 32 32 32 117 117 117 117 117 399 428 436 437 439
6301 1340135 5 5 5 5 5 11 11 11 12 12 60 60 60 82 82 247 249 249 351 351 986 1095 1120 1642 1652
3091 2415626 13 13 13 13 13 49 49 49 49 49 152 162 162 162 162 590 692 693 693 693 2128 2822 2999 3036 3043
5303 2430439 4 4 4 4 4 35 35 35 35 35 149 149 149 149 149 623 666 669 669 669 2346 2829 2968 3013 3037
6421 1635431 8 8 8 8 8 25 25 25 25 25 104 104 104 104 104 422 424 447 447 447 1580 1748 1945 1970 1984
3499 948928 4 4 4 4 4 20 20 20 20 20 58 60 60 60 60 247 276 277 277 277 936 1154 1189 1199 1209
5113 1878406 5 5 5 5 5 22 22 22 22 22 101 103 103 103 103 427 465 492 493 493 1686 2053 2302 2342 2356
8413 1250147 1 1 1 1 1 8 8 8 8 8 63 63 63 63 63 317 325 326 326 326 1239 1488 1556 1568 1580
2917 4731365 12 12 12 12 12 54 54 54 54 54 278 284 287 287 287 1108 1199 1228 1236 1239 4410 5327 5653 5789 5823
3273 1892011 11 11 11 11 11 33 33 33 33 33 120 122 125 126 126 498 518 535 547 548 1873 2195 2376 2431 2438
5621 48830725 150 150 150 150 150 686 686 688 688 692 2920 2968 2996 3001 3045 12264 12944 13322 13448 13695 46110 53770 57481 59235 60922
5441 6240645 19 19 19 19 19 68 68 68 68 68 321 339 339 339 340 1427 1629 1659 1684 1694 5527 7040 7460 7674 7744
9407 66364 2 2 2 2 2 5 5 5 5 5 12 12 12 12 12 25 25 25 25 25 86 91 91 91 91
7877 318583 2 2 2 2 2 5 5 5 5 5 18 20 20 20 20 65 80 80 80 80 233 338 341 361 366
637 1964681 4 4 4 4 4 27 27 27 27 27 109 109 110 116 116 467 477 490 523 523 1867 2122 2324 2475 2478
1299 7809007 22 22 22 22 22 128 128 128 128 128 592 597 597 597 597 2236 2340 2351 2361 2378 8141 9345 9693 9906 10045
2111 35331352 101 101 101 101 101 459 466 472 472 472 2120 2183 2232 2235 2235 9052 9754 10087 10178 10204 33626 40399 43337 44437 44759
1731 2620707 3 3 3 3 3 35 35 35 35 35 177 177 177 177 177 714 735 758 761 762 2585 2976 3229 3296 3329
2269 318429 3 3 3 3 3 11 11 11 11 11 28 28 28 28 28 105 106 106 106 106 382 452 456 462 462
9557 889597 2 2 2 2 2 17 17 17 17 17 63 63 63 63 63 242 245 245 249 250 887 979 1012 1055 1067
6577 545409 2 2 2 2 2 9 9 9 9 9 42 42 42 42 42 165 165 166 166 166 580 637 674 678 690
4033 2726643 14 14 14 14 14 45 45 45 45 45 174 176 176 176 176 720 766 773 773 773 2780 3261 3423 3449 3462
9829 243875 2 2 2 2 2 7 7 7 7 7 25 25 25 25 25 78 84 84 84 84 252 304 310 314 315
3921 4262082 11 11 11 11 11 50 52 52 52 52 256 280 280 280 280 1210 1305 1323 1328 1330 4278 5034 5290 5370 5433
4183 62330 2 2 2 2 2 3 3 3 3 3 7 7 7 7 7 21 21 21 21 21 84 90 90 90 90
5009 479195 1 1 1 1 1 14 14 14 14 14 41 42 42 42 42 142 160 161 161 161 490 598 611 615 617
2469 4062760 9 9 9 9 9 46 46 46 46 46 220 222 222 223 223 1018 1096 1111 1136 1137 3787 4551 4803 4997 5039
3247 4112221 6 6 6 6 6 58 58 58 58 58 245 245 245 248 248 1040 1069 1082 1093 1104 3975 4565 4911 5049 5113
3049 1387892 5 5 5 5 5 26 26 26 26 26 84 84 87 87 87 380 386 402 404 405 1365 1526 1678 1700 1713
2807 1015751 4 4 4 4 4 17 17 17 17 17 66 66 66 66 66 277 280 286 286 286 1077 1183 1268 1276 1288
5761 1341754 2 2 2 2 2 19 19 19 19 19 85 85 85 85 85 346 392 401 404 404 1351 1704 1802 1836 1843
2739 10617808 34 34 34 34 34 130 130 130 130 130 594 595 606 606 606 2655 2763 2871 2896 2896 10169 11746 12779 13033 13126
6587 1484507 3 3 3 3 3 18 18 18 18 18 79 81 81 81 81 369 402 403 403 403 1420 1685 1795 1814 1817
5589 686162 2 2 2 2 2 11 11 11 11 11 56 56 56 56 56 196 200 205 205 205 712 801 845 856 857
6307 26684 1 1 1 1 1 2 2 2 2 2 5 5 5 5 5 8 8 8 8 8 27 28 33 33 33
1881 111929 3 3 3 3 3 6 6 6 6 6 13 13 13 13 13 40 40 40 40 40 135 147 147 148 149
9927 188259 1 1 1 1 1 2 2 2 2 2 16 16 16 16 16 53 53 53 53 53 225 245 245 248 248
2209 731147 4 4 4 4 4 14 14 14 14 14 55 55 55 55 55 205 207 209 209 209 750 872 947 951 955
4153 214663 2 2 2 2 2 4 4 4 4 4 15 15 15 15 15 49 49 49 49 49 204 221 221 239 239
1171 4242055 12 12 12 12 12 62 62 62 62 62 252 254 254 254 254 1162 1214 1219 1220 1224 4345 5030 5253 5298 5343
4783 4946604 19 19 19 19 19 71 71 71 71 71 323 323 329 329 329 1284 1324 1379 1386 1391 4750 5388 5891 6028 6102
873 3373044 14 14 14 14 14 63 63 63 63 63 238 238 238 238 238 991 1008 1017 1020 1024 3569 3976 4162 4255 4297
1127 768299 4 4 4 4 4 13 13 13 13 13 42 43 43 43 43 185 190 190 190 190 764 870 894 926 927
6201 641819 5 5 5 5 5 13 13 13 13 13 46 46 46 46 46 177 177 178 178 178 655 735 765 768 772
9243 3268274 8 8 8 8 8 43 43 43 43 43 170 188 188 189 189 695 841 853 864 892 2581 3536 3761 3880 4066
9931 203157 1 1 1 1 1 3 3 3 3 3 11 11 11 11 11 36 39 40 40 40 155 197 223 225 229
4073 691436 4 4 4 4 4 16 16 16 16 16 61 61 61 61 61 232 238 238 242 242 854 917 936 962 963
6303 29112893 61 61 61 61 61 363 370 370 370 370 1736 1803 1805 1807 1807 7414 7978 8052 8156 8187 28210 33683 35110 36169 36628
7177 2897544 12 12 12 12 12 51 51 51 51 51 154 163 163 163 163 642 731 745 765 765 2464 3190 3411 3575 3614
317 9890175 25 25 25 25 25 124 125 125 125 125 598 630 641 641 641 2453 2639 2765 2781 2783 9442 11238 12271 12515 12589
5883 395324 2 2 2 2 2 8 8 8 8 8 34 34 34 34 34 131 131 131 131 131 478 523 532 538 541
2369 1499206 6 6 6 6 6 19 19 19 19 19 97 97 97 100 100 377 381 386 426 426 1489 1639 1745 1958 1961
4453 504953 1 1 1 1 1 4 4 4 4 4 23 25 25 25 25 123 141 141 141 141 478 616 619 620 620
1039 1524773 7 7 7 7 7 18 18 18 18 18 73 75 76 76 76 369 389 411 411 411 1367 1632 1868 1909 1915
8999 1122405 2 2 2 2 2 9 9 9 9 9 59 65 66 66 66 201 254 279 279 279 740 1162 1352 1360 1384
7619 419035 2 2 2 2 2 8 8 8 8 8 24 24 24 24 24 101 108 108 108 108 412 486 490 496 496
167 3067008 7 7 7 7 7 38 38 38 38 38 190 190 199 199 199 797 808 866 866 866 3068 3461 3917 3942 3968
4817 470862 4 4 4 4 4 12 12 12 12 12 25 30 30 30 30 102 119 120 120 120 445 530 556 563 564
4233 2207226 6 6 6 6 6 21 21 21 21 21 159 159 159 159 159 632 634 646 650 650 2447 2667 2780 2830 2868
311 4647870 13 13 13 13 13 70 70 73 73 73 272 272 295 295 295 1092 1142 1280 1284 1284 4142 4842 5642 5748 5770
121 20900613 51 51 51 51 51 249 249 249 249 249 1238 1242 1261 1267 1270 5345 5550 5735 5812 5841 20116 23229 24994 25837 26136
8807 1059338 3 3 3 3 3 14 14 14 14 14 76 76 76 76 76 287 298 300 300 300 1142 1283 1343 1368 1370
#resid 309629 310034 310185 309894 310574
