# q=5 mode=cycq roots=300 cp_lo=4 cp_hi=10 buf_lo=9 buf_hi=15 seed=2026
# root nvisited then n_cp*n_buf cumulative counts N(val<=cp[ci], pmax<=buf[bi]) row-major ci,bi
1077 50443500 6 6 6 6 6 6 6 18 18 18 18 18 18 18 94 98 99 99 99 99 99 404 441 461 469 486 486 489 1533 1924 2110 2209 2393 2398 2449 4089 7446 9089 9962 11219 11333 11661 4089 19856 34437 42404 50294 52040 54476
1699 187729032 10 10 10 10 10 10 10 68 68 68 68 68 68 68 368 376 376 376 378 378 378 1568 1691 1734 1772 1791 1791 1794 6382 7757 8392 8769 8948 8982 9015 17042 29914 36591 40369 42166 42808 43163 17042 78810 139355 173661 191229 199254 203464
303 58095218 10 10 10 10 10 10 10 30 30 30 30 30 30 30 123 124 125 125 125 125 125 532 555 610 615 621 621 621 1991 2329 2750 2830 2943 2952 2952 5242 8833 11828 12788 13597 13733 13782 5242 23427 45047 54673 61069 62993 63869
9511 8774910 2 2 2 2 2 2 2 6 6 6 6 6 6 6 16 17 17 17 17 17 17 70 95 95 95 95 95 95 320 476 495 505 510 510 510 774 1703 1945 2074 2117 2132 2149 774 4493 7446 8843 9339 9595 9817
2921 49901776 5 5 5 5 5 5 5 19 19 19 19 19 19 19 88 89 89 93 93 93 93 377 457 461 488 488 488 488 1444 2046 2151 2351 2406 2427 2428 3880 7994 9313 10727 11245 11450 11509 3880 21324 35603 46249 51302 53492 54403
9989 12490121 2 2 2 2 2 2 2 7 7 7 7 7 7 7 31 32 32 32 32 32 32 129 138 139 139 139 139 139 539 618 636 636 636 636 644 1452 2486 2840 2946 3009 3021 3055 1452 6616 10825 12424 13277 13674 13960
9469 134915668 14 14 14 14 14 14 14 73 73 73 73 73 73 73 285 285 292 293 293 293 293 1230 1323 1375 1433 1438 1441 1441 4523 5482 6027 6470 6563 6615 6630 12136 21210 26265 29710 30880 31525 31749 12136 56225 100066 127766 138887 144965 147889
881 428637595 37 37 37 37 37 37 37 185 185 185 185 185 185 185 896 897 908 926 927 927 927 3875 4027 4167 4326 4388 4407 4413 14841 17330 18805 19949 20557 20786 20920 39165 65761 80201 89906 94679 97007 98429 39165 174584 308570 390184 431474 452831 465565
3817 13159185 3 3 3 3 3 3 3 9 9 9 9 9 9 9 33 33 33 33 33 33 33 154 156 156 156 157 157 157 545 609 619 630 637 637 638 1385 2272 2625 2798 2904 2924 2950 1385 6245 10366 12495 13693 14152 14551
6823 33871670 3 3 3 3 3 3 3 6 6 6 6 7 7 7 40 40 40 40 61 61 61 166 192 192 192 346 346 346 640 824 835 847 1692 1696 1696 1689 3096 3454 3660 7697 7751 7811 1689 8265 13306 15781 34947 36146 36790
5489 2284593 1 1 1 1 1 1 1 3 3 3 3 3 3 3 8 8 8 8 8 8 8 24 24 24 24 24 24 24 97 101 113 113 114 114 114 272 380 474 515 523 523 523 272 1048 1857 2256 2422 2456 2465
4229 10183737 1 1 1 1 1 1 1 5 5 5 5 5 5 5 22 22 22 22 22 22 22 88 95 101 101 101 101 101 313 395 438 459 459 463 466 780 1531 1965 2179 2205 2271 2289 780 4119 7651 9530 10104 10645 10812
9383 13828252 4 4 4 4 4 4 4 11 11 11 11 11 11 11 29 34 34 34 34 34 34 115 149 151 153 153 153 153 417 607 658 679 681 682 682 1070 2289 2818 3044 3111 3139 3149 1070 5920 10817 13122 14213 14756 14978
1931 35543420 2 2 3 3 3 3 3 4 4 12 12 12 12 12 10 10 66 66 66 66 66 40 42 330 336 338 339 339 125 161 1499 1590 1627 1647 1651 325 625 6787 7538 7955 8133 8227 325 1626 26022 32602 36225 37853 38698
4409 64659212 10 10 10 10 10 10 10 39 39 39 39 39 39 39 168 169 169 169 169 169 169 654 692 703 716 720 720 720 2326 2782 3006 3162 3271 3280 3303 6041 10338 12563 13837 14706 14918 15192 6041 27114 48168 59544 66822 69300 71428
3647 5867163 2 2 2 2 2 2 2 4 4 4 4 4 4 4 12 13 13 13 13 13 13 48 58 58 58 58 58 58 216 284 291 297 297 297 297 561 1099 1267 1368 1386 1392 1401 561 2935 4754 5728 6055 6196 6315
9637 9028089 2 2 2 2 2 2 2 5 5 5 5 5 5 5 18 18 18 18 18 18 18 69 71 73 73 73 73 73 275 342 392 401 401 401 401 723 1365 1861 2015 2040 2056 2067 723 3741 7358 9015 9557 9804 9997
9697 19541426 2 2 2 2 2 2 2 8 8 8 8 8 8 8 41 41 41 41 41 41 41 218 218 218 218 218 218 229 834 926 952 963 968 968 1007 2222 3525 4007 4254 4355 4378 4619 2222 9257 15465 18311 19602 20163 21619
8649 18786210 6 6 6 6 6 6 6 21 21 21 21 21 21 21 58 58 58 58 58 58 58 237 253 260 260 260 260 260 791 960 1013 1023 1028 1033 1034 2021 3454 4054 4207 4386 4487 4503 2021 9091 15350 17763 19493 20380 20683
2967 79707112 7 7 7 7 7 7 7 27 27 27 33 33 33 33 121 125 125 166 166 166 166 564 603 603 808 809 809 809 2229 2754 2845 3827 3881 3910 3914 6041 10756 12261 17322 17967 18347 18452 6041 28777 47584 74786 81473 85392 86910
1657 83178716 8 8 8 8 8 8 8 49 49 49 49 49 49 49 203 203 203 203 204 204 204 834 867 880 881 911 911 911 3117 3720 3938 3989 4155 4166 4167 8070 14197 16743 17818 19057 19332 19424 8070 36960 63029 75711 85619 88836 90148
4433 776188767 70 70 70 70 70 70 70 281 291 304 310 312 312 312 1380 1501 1580 1633 1687 1706 1706 5819 6722 7188 7536 7821 7917 7918 22335 29301 32837 35272 37119 37802 37940 58688 111845 140470 159153 171832 177105 178940 58688 295534 537800 688011 782569 826339 845618
7777 22276952 2 2 2 2 2 2 2 7 7 7 7 7 7 7 52 52 52 52 52 52 52 246 253 253 253 253 253 253 910 1007 1036 1075 1084 1087 1087 2386 3825 4427 4854 5010 5080 5097 2386 10173 17005 21155 22988 23967 24274
943 82983658 5 5 5 5 5 5 5 41 41 41 41 41 41 41 172 173 180 180 180 180 180 750 791 831 844 844 844 844 2947 3491 3889 4042 4088 4109 4113 7834 13703 16988 18459 19120 19420 19549 7834 36392 65052 79271 86006 89536 91119
6521 12821893 3 3 3 3 3 3 3 10 10 10 10 10 10 10 28 28 28 28 28 28 28 111 112 117 118 126 126 126 417 479 512 534 611 612 612 1088 1869 2192 2430 2866 2908 2911 1088 5068 8575 10775 13402 13885 14061
2081 26769292 3 3 3 3 3 3 3 9 9 9 9 9 9 9 47 58 58 58 60 60 60 175 248 252 258 272 272 272 699 1096 1137 1207 1278 1283 1291 1832 4234 4896 5407 5938 6058 6156 1832 11302 18892 23382 27133 28458 29193
9753 15086335 1 1 1 1 1 1 1 9 9 9 9 9 9 9 23 29 29 29 29 29 29 99 133 134 135 135 135 135 423 616 649 686 706 707 707 1130 2409 2812 3214 3401 3450 3455 1130 6333 10848 14039 15775 16399 16573
1069 68028653 6 6 6 6 6 6 6 33 33 33 33 33 33 33 135 135 136 147 147 147 147 609 632 645 694 695 695 695 2359 2759 2931 3288 3354 3374 3384 6330 10496 12497 14841 15553 15860 15972 6330 27493 47554 63662 70165 73241 74634
653 149354911 8 8 8 8 8 8 8 58 59 59 59 59 59 59 300 309 309 310 310 310 310 1359 1437 1449 1462 1466 1468 1469 5205 6109 6568 6844 6925 6997 7028 13875 24040 29309 32110 33235 33946 34296 13875 63261 113061 139721 152124 159693 163244
1573 49326037 3 3 3 3 3 3 3 20 20 20 20 20 20 20 124 124 124 124 124 124 124 467 501 507 507 519 521 527 1817 2153 2275 2313 2385 2420 2452 4726 8091 9531 10277 10874 11215 11495 4726 21004 36133 44097 49057 52054 54079
7977 2771924596 213 213 213 213 213 213 213 1191 1198 1220 1221 1221 1221 1221 5414 5585 5878 5898 5899 5911 5915 23456 25401 27615 28023 28186 28346 28417 89541 108857 125521 130314 132459 134225 135092 237708 418786 545221 595123 619163 634910 642713 237708 1104328 2083231 2559562 2801409 2942723 3015484
4823 93541418 8 8 8 8 8 8 8 58 58 58 58 58 58 58 230 230 230 230 230 230 230 982 1025 1028 1044 1051 1051 1051 3671 4286 4417 4573 4650 4679 4687 9617 16183 18714 20455 21347 21785 21944 9617 43061 70982 87859 96253 100410 102648
2579 81517292 6 6 6 6 6 6 6 38 38 38 38 38 38 38 190 190 190 190 191 191 191 724 768 786 790 817 818 819 2832 3321 3569 3704 3950 3963 4000 7442 12870 15620 17054 18490 18732 18963 7442 33649 59408 73362 83600 86443 88601
9889 60205628 6 6 6 6 6 6 6 36 36 36 36 36 36 36 147 150 151 151 151 151 151 587 613 637 643 645 645 646 2185 2566 2858 2949 2987 2996 3013 5612 9537 12024 13084 13665 13861 14010 5612 25280 46072 56169 61783 64078 65733
8811 24072121 2 2 2 2 2 2 2 5 5 5 5 5 5 5 49 49 49 49 49 49 49 215 239 239 241 243 243 243 807 1041 1098 1124 1147 1151 1151 2130 4035 4868 5177 5421 5498 5521 2130 10618 18544 22117 24414 25475 25857
1491 78247740 6 6 6 6 6 6 6 32 32 32 32 32 32 32 163 163 163 164 164 164 164 743 763 782 799 807 814 814 2826 3170 3466 3698 3754 3822 3822 7611 12173 15123 17056 17648 18247 18315 7611 32368 57841 73345 79553 84278 85681
1079 81712155 10 10 10 10 10 10 10 38 38 38 38 38 38 38 154 170 175 177 177 177 177 659 775 815 856 868 870 875 2614 3366 3697 3957 4065 4089 4132 6940 12776 15653 17593 18465 18800 19099 6940 33713 59632 75484 83454 86960 89307
3649 346990530 32 32 32 32 32 32 32 156 156 156 156 156 156 156 747 771 771 773 777 777 780 3225 3524 3573 3591 3660 3664 3692 12321 15129 15959 16361 16863 16968 17100 32495 57712 68291 73492 77523 79055 80225 32495 152675 260912 315803 350558 366449 376492
7071 6000482 1 1 1 1 1 1 1 3 3 3 3 3 3 3 16 16 16 16 17 17 17 56 56 56 56 66 66 66 219 234 235 237 289 289 291 594 887 993 1063 1283 1301 1333 594 2268 3813 4599 5979 6224 6411
3721 46521742 3 3 3 3 3 3 3 15 15 15 15 15 20 20 52 52 52 52 52 121 121 183 190 190 190 190 502 502 692 817 849 854 854 2299 2300 1851 3172 3757 3947 4004 10778 10823 1851 8393 14370 16861 17826 50480 51182
4049 10204742 2 2 2 2 2 2 2 8 8 8 8 8 8 8 27 27 27 27 27 27 27 115 115 117 118 118 118 118 422 450 495 521 521 524 524 1095 1772 2193 2407 2421 2480 2482 1095 4546 8189 10020 10566 11187 11306
3927 109662837 7 7 7 7 7 7 7 43 43 44 44 44 44 44 220 220 232 232 232 232 232 926 960 1089 1096 1096 1096 1097 3620 4090 4991 5171 5219 5262 5276 9727 15827 21813 23824 24668 25132 25351 9727 41987 84204 103660 112433 117524 119807
109 4157823031 430 430 430 430 430 430 430 1915 1924 1924 1931 1933 1933 1933 8406 8614 8701 8799 8890 8899 8909 36411 39344 40648 41522 42255 42409 42558 139630 170180 185403 194010 200099 201921 203323 368425 651749 801757 882572 932119 951438 963663 368425 1710334 3057458 3794219 4218123 4410932 4523604
8309 19441164 2 2 2 2 2 2 2 13 13 13 13 13 13 13 55 55 55 55 55 55 55 206 208 209 209 209 209 209 736 844 885 903 907 912 923 1855 3144 3828 4179 4270 4322 4406 1855 8333 14680 18319 19647 20448 21022
8129 21054788 1 1 1 1 1 1 1 11 11 11 11 11 11 11 47 47 48 48 48 48 48 201 204 214 224 224 224 224 714 797 878 969 997 997 999 1852 2977 3871 4482 4725 4806 4876 1852 7799 14873 19400 21426 22276 22947
7069 133054135 14 14 14 14 14 14 14 63 63 63 63 63 63 63 299 299 299 299 299 299 299 1331 1379 1409 1419 1441 1441 1441 4971 5843 6324 6480 6614 6636 6636 13012 22400 27378 29364 30640 31061 31207 13012 58926 104359 125523 138056 143182 145582
1401 81650217 5 5 5 5 5 5 5 42 42 42 42 42 42 42 186 187 187 187 187 187 187 790 817 830 841 844 845 846 2935 3455 3649 3822 3862 3897 3931 7744 13260 15759 17337 18046 18370 18669 7744 35268 60547 75482 82760 86409 89047
2793 33610365 2 2 2 2 2 2 2 18 18 18 18 18 18 18 81 81 81 81 81 82 82 333 338 342 342 342 369 369 1189 1366 1476 1491 1495 1736 1736 3172 5175 6286 6592 6691 7898 7930 3172 13617 23998 28101 29826 36275 36831
9041 6180809 1 1 1 1 1 1 1 3 3 3 3 3 3 3 11 11 11 11 11 11 11 61 61 61 61 62 62 62 251 269 282 284 304 304 304 666 1032 1172 1279 1395 1409 1419 666 2710 4445 5468 6196 6446 6616
377 89856372 10 10 10 10 10 10 10 44 44 44 44 44 44 44 180 181 191 191 191 191 191 821 888 952 971 978 979 979 3064 3730 4237 4361 4443 4493 4496 8109 14433 18324 19744 20573 20955 21102 8109 38101 69850 85024 92378 96075 98048
219 395716106 33 33 33 33 33 33 33 149 162 162 162 162 165 165 658 764 764 765 775 807 808 2905 3484 3557 3602 3714 3945 3951 11098 15057 16221 16820 17602 18905 19019 29512 58186 70649 77497 83208 90222 91206 29512 154652 271502 336168 380090 421233 430895
6749 10311053 3 3 3 3 3 3 3 9 9 9 9 9 9 9 27 27 27 27 27 27 27 82 94 94 94 94 94 94 335 482 492 496 499 502 502 895 1923 2122 2229 2355 2398 2402 895 5117 8104 9573 10635 11079 11261
4341 47995365 4 4 4 4 4 4 4 20 20 20 20 20 20 20 97 99 99 99 99 99 99 477 514 520 522 522 522 522 1805 2191 2285 2336 2342 2344 2345 4900 8339 9659 10539 10748 10869 10982 4900 22089 36867 45601 48866 50727 52040
5053 69925220 9 9 9 9 9 9 9 33 33 33 33 33 33 33 183 183 183 183 183 183 183 649 695 721 731 731 731 732 2525 3051 3359 3499 3513 3520 3539 6688 11664 14679 15807 16132 16312 16463 6688 30815 56293 67899 72696 75172 76878
4001 171959845 13 13 13 13 13 13 13 63 64 64 68 68 68 68 294 318 319 349 349 349 349 1360 1554 1568 1749 1767 1772 1772 5186 6764 7157 8083 8264 8371 8404 13774 26406 31184 36817 38594 39634 40099 13774 70036 119413 158779 175062 184210 188765
8597 2590934 1 1 1 1 1 1 1 4 4 4 4 4 4 4 8 8 8 8 8 8 8 28 28 28 28 28 28 28 95 132 132 132 139 139 140 235 511 550 571 621 621 637 235 1334 2014 2287 2607 2668 2787
5583 47058585 6 6 6 6 6 6 6 21 21 21 21 21 21 21 95 95 95 95 95 95 95 444 464 467 470 470 470 470 1725 2132 2253 2307 2316 2325 2333 4588 8210 9676 10420 10637 10874 10975 4588 21753 36943 44585 47748 50111 51069
9399 7203753 1 1 1 1 1 1 1 5 5 5 5 5 5 5 21 21 21 21 21 21 21 72 72 72 76 76 76 76 268 270 271 329 334 338 339 672 992 1130 1527 1575 1621 1638 672 2596 4332 6800 7350 7759 7934
9441 178314408 11 11 11 11 11 11 11 69 77 77 77 77 77 77 306 352 352 352 352 352 352 1398 1692 1743 1748 1765 1776 1776 5569 7518 8150 8375 8595 8689 8716 14747 28962 35344 38016 39908 40878 41254 14747 76806 136055 164319 181663 190397 194352
357 6748874 3 3 3 3 3 3 3 6 6 6 6 6 6 6 17 17 17 17 17 17 17 75 79 79 79 79 79 79 301 337 338 343 349 349 349 802 1220 1367 1495 1550 1556 1560 802 3123 5178 6377 6946 7109 7255
3471 6079263 1 1 1 1 1 1 1 6 6 6 6 6 6 6 17 17 17 17 17 17 17 79 79 84 84 84 84 84 248 289 313 313 313 313 313 681 1087 1281 1359 1389 1396 1407 681 2814 4897 5812 6236 6422 6554
287 1508571178 124 124 128 128 128 128 128 625 627 666 666 667 670 670 2945 3001 3174 3193 3215 3247 3248 12778 13690 14753 15087 15281 15547 15585 49171 59217 66948 70257 71881 73702 74124 130222 227279 288685 318434 334131 346299 350529 130222 598910 1101306 1365080 1507685 1601462 1641199
1483 248461420 26 26 26 26 26 26 26 102 103 103 103 103 103 103 488 502 506 506 509 509 509 2191 2358 2470 2498 2527 2531 2533 8397 10231 11278 11665 11934 12028 12089 22178 39465 49104 53049 55792 56834 57563 22178 104810 189137 229653 253823 264397 271323
4203 21033500 1 1 1 1 1 1 1 8 8 8 8 8 8 8 35 35 35 42 42 42 42 145 164 168 205 205 205 205 520 688 768 1032 1038 1041 1041 1300 2767 3386 4750 4867 4943 4966 1300 7199 12739 20328 21911 22801 23134
8199 57818421 3 3 3 3 3 3 3 24 24 24 24 24 24 24 113 113 113 113 113 113 113 564 582 607 614 614 618 618 2005 2327 2592 2685 2733 2779 2795 5372 9051 11489 12465 12979 13329 13492 5372 23719 44036 53818 58930 61819 63474
3017 13673466 2 2 2 2 2 2 2 4 4 4 4 4 4 4 33 33 33 33 33 33 33 136 144 144 144 144 144 144 493 609 616 623 638 638 639 1345 2473 2706 2824 3030 3088 3114 1345 6506 10138 11930 13673 14326 14710
8673 38447263 5 5 5 5 5 5 5 16 16 16 16 16 16 16 75 79 79 79 80 80 80 309 371 371 371 382 382 382 1185 1722 1779 1822 1900 1901 1901 3170 6452 7461 8063 8623 8760 8811 3170 17359 28834 34924 39208 40962 41627
9217 13318606 1 1 1 1 1 1 1 4 4 4 4 4 4 4 22 22 22 22 22 22 22 113 118 126 126 128 128 128 423 498 563 566 611 611 611 1146 1977 2585 2693 2979 3009 3009 1146 5355 10098 11781 13679 14236 14313
3799 42258626 3 3 3 3 3 3 3 21 21 21 21 21 21 21 90 90 91 91 91 91 91 372 393 419 420 420 431 433 1431 1675 1936 1972 2002 2057 2096 3756 6385 8340 9014 9313 9713 9903 3756 16848 31852 38759 42056 44952 46284
481 112282816 7 7 7 7 7 7 7 40 43 43 43 43 43 43 207 234 234 234 235 235 235 957 1150 1159 1165 1199 1201 1201 3632 4978 5248 5365 5594 5653 5655 9550 19057 22667 24117 25693 26311 26428 9550 50318 86204 103228 115460 121130 123008
9669 409602338 21 21 22 22 22 22 22 139 139 154 154 154 154 154 688 718 808 809 814 814 814 3238 3603 4086 4119 4154 4161 4162 12290 15702 18598 19152 19573 19724 19786 32315 60469 81095 87572 91740 93782 94719 32315 160627 312336 378725 417289 436798 446266
8521 12959612 1 1 1 1 1 1 1 6 6 6 6 6 6 6 32 32 32 32 32 32 32 122 122 147 147 147 147 147 463 493 594 606 622 625 625 1263 1917 2664 2819 2997 3059 3064 1263 5108 10198 12057 13504 14157 14274
4429 6962817 2 2 2 2 2 2 2 5 5 5 5 5 5 5 14 14 14 14 14 14 14 67 81 81 81 81 81 81 239 321 336 341 352 352 352 596 1131 1336 1465 1609 1631 1640 596 2947 5144 6316 7322 7611 7705
679 119804919 15 15 15 15 15 15 15 63 63 63 63 63 63 63 273 273 274 274 274 275 275 1136 1191 1212 1217 1217 1233 1238 4367 5179 5515 5663 5695 5847 5875 11482 19720 23361 25238 25874 27039 27289 11482 52690 90396 110011 118906 127325 130125
1043 54537014 6 6 6 6 6 6 6 25 25 25 25 25 25 25 125 125 125 125 125 125 125 566 592 593 593 594 594 594 2210 2555 2687 2726 2754 2757 2761 5652 9412 11241 11919 12397 12577 12706 5652 24730 43106 51292 56151 58275 59633
8687 21798797 2 2 2 2 2 2 2 4 4 4 4 4 4 4 30 30 30 30 30 30 30 120 129 154 154 157 157 157 469 657 897 921 961 961 961 1215 2571 4051 4434 4778 4787 4811 1215 6898 15974 19680 22624 23160 23644
687 147309183 17 17 17 17 17 17 17 54 54 54 54 54 54 54 307 311 314 314 314 314 314 1328 1387 1424 1425 1427 1451 1452 5292 6246 6739 6864 6961 7143 7177 14257 24323 29405 31321 32419 33792 34211 14257 63976 112358 134735 146748 156822 160779
2021 832837429 70 70 70 70 70 70 70 364 373 380 380 381 381 381 1628 1712 1807 1816 1839 1839 1850 6861 7647 8298 8413 8608 8624 8693 26190 32914 37432 38700 40157 40384 40824 69718 127094 162061 175584 186676 190052 193225 69718 335531 620132 754941 844500 880470 906172
8009 45710767 1 1 1 1 1 1 1 19 19 19 19 19 19 19 92 95 95 95 95 95 95 419 452 465 466 469 469 469 1582 1933 2110 2176 2232 2244 2244 4193 7450 9044 9706 10247 10390 10426 4193 19719 34859 42333 47017 48857 49522
5183 59144265 9 9 9 9 9 9 9 35 35 35 35 35 35 35 133 141 141 143 143 143 143 491 558 560 593 597 598 598 1805 2447 2570 2760 2861 2879 2890 4693 9255 10788 12336 13098 13376 13497 4693 24368 41601 53645 60100 63010 64439
5891 9141796 2 2 2 2 2 2 2 4 4 4 4 4 4 4 14 14 14 14 14 14 14 66 69 73 73 79 79 79 263 328 358 359 402 404 404 728 1400 1712 1778 2026 2064 2071 728 3737 6734 7867 9428 9829 10004
5823 660640297 50 50 50 50 50 50 50 266 268 277 277 277 277 277 1313 1343 1407 1408 1414 1420 1424 5854 6193 6595 6664 6777 6813 6835 22773 27074 30169 31166 32051 32367 32606 60106 102293 128560 139618 146987 150208 152310 60106 270240 494337 604403 668958 699561 717895
2697 960399735 84 84 84 84 84 84 84 385 386 388 395 395 395 395 1779 1804 1830 1892 1915 1933 1933 8026 8618 8912 9255 9470 9651 9684 31128 37811 41146 43784 45393 46623 46953 81649 144067 176930 198021 210503 218570 221429 81649 381333 679631 856696 958396 1018796 1043925
7277 510516338 52 52 52 52 52 52 52 240 242 245 245 245 245 245 1034 1053 1102 1105 1110 1110 1112 4206 4538 4967 5045 5096 5099 5125 16024 19664 22658 23651 24226 24367 24628 42679 75240 97723 107868 113400 115693 117801 42679 199253 373673 463582 512934 537199 554072
797 139612456 10 10 10 10 10 10 10 63 63 63 63 63 63 63 287 289 291 293 293 299 299 1283 1338 1392 1425 1427 1446 1446 4919 5790 6324 6638 6716 6825 6848 13039 21921 27044 29898 31040 31931 32243 13039 57925 103427 129129 141053 148525 151680
9661 130730962 14 14 14 14 14 14 14 52 52 52 52 52 52 52 227 248 248 249 252 252 252 1054 1206 1228 1246 1305 1305 1305 4068 5226 5601 5804 6297 6319 6337 10897 20249 24379 26657 29568 30007 30356 10897 53629 93446 114786 133920 139172 142710
7801 170818840 12 12 12 12 12 12 12 64 64 64 64 64 64 64 352 357 357 357 357 357 357 1624 1734 1772 1789 1790 1798 1825 6220 7379 7976 8289 8348 8407 8541 16230 28214 34195 37225 38225 38979 39869 16230 74585 130636 159947 172586 179888 186526
6517 3212869 1 1 1 1 1 1 1 5 5 5 5 5 5 5 11 11 11 11 11 11 11 36 36 36 38 38 38 38 126 136 143 155 155 155 155 305 529 616 727 733 745 745 305 1370 2284 3124 3328 3498 3555
927 373444199 24 24 24 24 24 24 24 160 162 162 162 162 162 162 736 789 800 800 801 801 801 3317 3762 3870 3904 3938 3952 3957 12529 16024 17190 17835 18238 18383 18497 33060 61072 73438 79941 83974 85590 86688 33060 161638 281249 344329 380212 396420 406616
7951 4212272 2 2 2 2 2 2 2 5 5 5 5 5 5 5 13 13 13 13 13 13 13 47 47 47 47 47 47 47 177 184 186 190 191 191 195 469 684 796 850 874 890 943 469 1774 3060 3718 4060 4263 4529
1763 108728216 11 11 11 11 11 11 11 59 59 59 59 59 59 59 258 258 258 258 258 258 258 1088 1131 1155 1161 1161 1161 1164 4040 4719 5075 5250 5306 5316 5332 10646 18019 21876 23687 24514 24882 25101 10646 47855 83890 102180 111280 115656 118103
2387 16529144 3 3 3 3 3 3 3 6 6 6 6 6 6 6 37 37 37 37 37 37 37 139 140 142 143 143 143 143 556 639 685 698 706 720 720 1458 2547 3063 3326 3439 3666 3745 1458 6667 11661 14377 15663 17110 17762
3353 36300245 8 8 8 8 8 8 8 23 23 23 23 23 23 23 84 84 84 84 84 84 84 371 374 390 390 395 395 395 1334 1526 1658 1674 1701 1710 1718 3497 5822 7147 7537 7860 8020 8088 3497 15529 27639 32770 36030 37808 38707
4071 103777517 9 9 9 9 9 9 9 40 40 40 40 40 40 40 214 219 219 219 219 219 219 992 1059 1075 1087 1090 1092 1092 3627 4361 4688 4895 4943 4988 4995 9761 17080 20751 22790 23650 24234 24392 9761 45055 79964 98687 107315 112761 114983
9161 39672882 1 1 1 1 1 1 1 9 9 9 9 9 9 9 52 68 68 68 68 68 68 217 335 368 385 386 387 387 847 1455 1736 1869 1906 1927 1932 2183 5726 7591 8469 8807 9027 9074 2183 15320 29585 36887 40326 42374 43002
2439 47125354 8 8 8 8 8 8 8 29 29 29 29 29 29 29 122 122 122 122 122 122 122 490 510 524 524 525 525 525 1741 2035 2243 2265 2305 2314 2317 4509 7666 9592 10074 10576 10701 10799 4509 20183 37079 43837 48500 50298 51264
1729 753145637 20 20 20 70 70 70 70 92 94 94 314 314 314 314 472 504 505 1534 1535 1535 1535 2187 2446 2491 7478 7515 7536 7545 8821 11164 11952 35897 36503 36793 37002 23510 43283 52081 162519 169627 172913 174948 23510 113878 198300 700671 768458 802361 821515
9419 47742929 5 5 5 5 5 5 5 27 27 27 27 27 27 27 104 104 109 109 109 109 109 475 499 531 533 533 533 533 1744 2059 2319 2388 2404 2415 2417 4681 7958 10006 10766 11056 11269 11347 4681 20905 37854 45548 48977 51328 52234
6369 1788422 1 1 1 1 1 1 1 2 2 2 2 2 2 2 6 6 6 6 6 6 6 13 13 13 13 13 13 13 40 50 50 74 76 76 76 104 198 222 357 371 372 376 104 511 891 1590 1767 1808 1872
8627 5740329 2 2 2 2 2 2 2 6 6 6 6 6 6 6 17 17 17 17 17 17 17 57 67 67 67 67 67 67 187 252 262 268 268 268 268 470 1041 1225 1289 1292 1321 1325 470 2746 4708 5522 5805 6107 6182
7001 5805963 3 3 3 3 3 3 3 7 7 7 7 7 7 7 16 16 16 16 16 16 16 53 61 61 61 61 61 61 198 258 269 274 274 274 274 496 1033 1213 1326 1350 1359 1367 496 2757 4655 5693 6110 6327 6413
1819 15462263 4 4 4 4 4 4 4 12 12 12 12 12 12 12 38 38 38 38 38 38 38 161 167 167 167 167 167 167 620 708 742 749 751 751 751 1684 2658 3120 3307 3387 3438 3481 1684 7020 12126 14344 15397 16164 16557
7831 34894846 5 5 5 5 5 5 5 19 19 19 19 19 19 19 64 64 64 64 65 65 65 288 301 323 325 331 331 331 1216 1404 1592 1628 1678 1696 1696 3267 5378 6960 7432 7845 8027 8100 3267 14336 26991 32465 35882 37430 38240
457 64071496 9 9 9 9 9 9 9 37 37 37 37 37 37 37 161 162 162 162 162 162 162 676 720 725 728 728 731 731 2413 2882 3010 3091 3124 3154 3163 6463 11042 12833 13838 14440 14714 14820 6463 29410 49685 59851 65878 68668 70153
8001 59845127 4 4 4 4 4 4 4 22 22 22 22 22 22 22 116 118 118 119 119 119 119 545 594 596 623 630 630 630 2117 2582 2675 2897 2978 2998 3003 5611 9996 11543 13108 13697 14001 14077 5611 26373 44129 56796 62370 65209 66285
8233 36460197 6 6 6 6 6 6 6 19 19 19 19 19 19 19 100 100 101 101 101 101 101 383 389 401 401 405 405 405 1436 1616 1737 1770 1828 1854 1855 3623 5948 7194 7674 8148 8368 8408 3623 15544 27296 33006 37105 39131 39664
9781 48850771 5 5 5 5 5 5 5 17 17 17 17 17 17 17 119 119 119 119 119 119 119 481 499 504 509 512 512 518 1884 2158 2267 2346 2375 2385 2431 4934 8027 9542 10372 10733 11000 11322 4934 21280 36988 45133 48955 51240 53388
5717 2480989 1 1 1 1 1 1 1 5 5 5 5 5 5 5 10 10 10 10 10 10 10 32 32 32 32 32 32 32 102 104 112 112 112 113 113 255 371 469 493 506 546 550 255 984 1849 2132 2278 2618 2664
6743 92378137 9 9 9 9 9 9 9 33 33 33 33 33 33 33 159 181 188 190 190 190 190 636 783 841 864 871 871 871 2478 3543 4012 4216 4284 4299 4320 6585 13877 17595 19680 20527 20836 21018 6585 36388 67116 84682 92956 97104 99319
9087 19964770 1 1 1 1 1 1 1 5 5 5 5 5 5 5 23 23 39 39 39 39 39 108 109 197 197 197 197 197 397 451 873 903 911 913 913 1051 1787 4028 4394 4514 4551 4560 1051 4833 15771 19189 20658 21440 21700
7451 310281451 19 19 19 19 19 19 19 121 121 121 121 121 121 121 616 625 625 627 627 629 629 2813 2990 3059 3118 3135 3163 3164 10947 12919 13984 14620 14923 15139 15211 29198 49616 60338 66103 69204 71250 72058 29198 130388 230284 283466 311986 329008 336964
8377 13973127 2 2 2 2 2 2 2 7 7 7 7 7 7 7 27 27 27 27 27 27 27 107 117 121 121 121 121 121 439 557 595 619 647 647 648 1132 2138 2551 2793 3112 3141 3166 1132 5605 9880 12069 14276 14763 15049
8013 3762759 1 1 1 1 1 1 1 3 3 3 3 3 3 3 9 9 9 9 9 9 9 38 38 38 38 38 38 38 158 173 173 174 174 174 174 401 668 728 795 817 831 831 401 1702 2810 3489 3791 3936 3985
819 30280676 5 5 5 5 5 5 5 16 16 16 16 16 16 16 60 60 60 60 60 60 60 235 278 290 293 293 299 299 878 1256 1389 1452 1454 1486 1487 2326 4856 6157 6691 6795 6993 7022 2326 12885 23556 29136 31164 32851 33373
8003 18208064 2 2 2 2 2 2 2 10 10 10 10 10 10 10 39 39 39 39 39 39 39 180 186 186 186 186 186 186 713 841 861 866 878 885 894 1896 3153 3609 3872 4007 4123 4207 1896 8383 13790 16686 18262 19349 19945
389 278223673 36 36 36 36 36 36 36 152 152 152 152 152 152 152 667 680 680 680 680 683 683 2667 2851 2885 2918 2932 2984 2986 10094 12201 12816 13348 13567 13953 13973 26260 46674 54736 59789 62201 64918 65329 26260 122726 208521 256794 280629 299591 304967
6349 91120053 6 6 6 6 6 6 6 37 37 37 37 37 37 37 153 158 158 159 159 159 159 798 903 924 950 951 951 951 3041 3845 4085 4369 4461 4478 4485 8011 14616 17579 20008 20944 21203 21319 8011 38464 66983 85863 94903 98289 99929
5997 15674190 2 2 2 2 2 2 2 12 12 12 12 12 12 12 37 37 37 37 37 37 37 163 166 166 166 169 169 169 665 720 737 743 793 793 793 1668 2595 2994 3178 3533 3597 3628 1668 6934 11526 13864 16108 16769 17151
6319 69384661 13 13 13 13 13 13 13 39 39 39 39 40 40 40 131 131 131 131 149 149 149 552 593 633 636 739 739 739 1986 2487 2901 2957 3534 3535 3535 5250 9546 12442 13285 16189 16359 16421 5250 25028 47142 56847 72612 75097 76124
1271 10506242 3 3 3 3 3 3 3 12 12 12 12 12 12 12 27 27 27 27 27 27 27 108 109 109 109 109 109 109 406 475 507 523 527 527 527 1023 1779 2161 2378 2475 2483 2487 1023 4597 8405 10388 11224 11427 11553
3167 155424316 7 7 7 7 7 7 7 52 60 60 60 60 60 60 259 293 293 295 295 295 295 1230 1443 1488 1505 1507 1513 1530 4929 6354 6878 7110 7175 7268 7474 12885 24163 29546 32376 33532 34285 35552 12885 64281 113764 140906 153473 160655 168948
7499 47304071 4 4 4 4 4 4 4 26 26 26 26 26 26 26 113 113 113 113 113 113 113 489 504 514 515 516 516 516 1821 2183 2278 2314 2333 2333 2351 4816 8427 9731 10355 10729 10796 10940 4816 22607 37769 45108 49379 50808 52087
7903 29355925 5 5 5 5 5 5 5 16 16 16 16 16 16 16 45 53 53 67 67 67 67 171 217 222 310 310 310 310 616 882 939 1351 1360 1369 1369 1599 3454 4138 6359 6514 6615 6640 1599 9139 16141 27859 29851 31141 31617
5409 54680864 6 6 6 6 6 6 6 23 23 23 23 23 23 23 108 108 108 108 109 109 109 497 528 536 536 564 564 564 1858 2285 2423 2461 2643 2648 2668 4978 9010 10608 11380 12382 12538 12725 4978 24023 40594 49220 56162 58315 59942
2277 50434644 10 10 10 10 10 10 10 32 32 32 32 32 32 32 134 134 134 134 134 134 134 527 549 555 555 556 559 559 1998 2240 2378 2392 2402 2425 2469 5259 8604 10412 10990 11239 11416 11780 5259 22510 39699 47151 50578 52554 55144
7401 27932296 3 3 3 3 3 3 3 14 14 14 14 14 14 14 51 53 53 54 54 54 54 251 291 291 302 304 304 304 918 1243 1292 1355 1380 1383 1384 2412 4748 5552 6074 6339 6401 6459 2412 12537 21494 26266 28752 29540 30256
6027 6100989 2 2 2 2 2 2 2 7 7 7 7 7 7 7 23 23 23 23 23 23 23 73 75 75 76 76 76 76 239 279 280 288 288 291 291 648 1028 1148 1286 1303 1339 1345 648 2780 4625 5871 6185 6524 6638
4911 51422400 11 11 11 11 11 11 11 31 31 31 31 31 31 31 105 105 106 106 106 106 106 482 517 530 532 532 533 533 1869 2226 2359 2447 2463 2538 2556 4884 8355 9877 10699 11049 11566 11749 4884 22267 38239 46625 50733 54242 55963
2403 232718811 14 14 14 14 14 14 14 102 102 102 102 102 102 102 485 489 490 495 495 495 499 2087 2194 2232 2272 2277 2279 2328 8203 9681 10381 10742 10870 10943 11270 21776 37298 44970 48887 50557 51555 53469 21776 99347 172886 211776 230300 240793 252870
7963 1506889 2 2 2 2 2 2 2 3 3 3 3 3 3 3 6 6 6 6 6 6 6 12 12 12 13 13 13 13 47 47 53 71 71 71 71 117 158 200 311 333 333 333 117 380 770 1382 1579 1601 1622
4191 8899937 1 1 1 1 1 1 1 3 3 3 3 3 3 3 7 19 19 19 19 19 19 56 103 103 104 104 104 104 208 423 445 454 457 457 457 522 1576 1819 1922 2012 2035 2039 522 4180 7015 8327 9190 9478 9585
5087 31968905 3 3 3 3 3 3 3 14 14 14 14 14 14 14 57 57 59 59 59 59 59 278 281 307 313 313 313 313 1136 1240 1463 1527 1538 1540 1543 3033 4600 6204 7001 7241 7332 7374 3033 12095 24018 30446 33139 34330 35025
1477 167931393 12 12 12 12 12 12 12 54 54 55 55 55 55 55 309 319 326 329 329 329 329 1551 1694 1789 1827 1831 1838 1838 5664 6954 7767 8112 8208 8277 8289 15089 26729 33359 36660 37968 38665 38959 15089 70720 127174 157495 171422 178897 182555
499 24096171 6 6 6 6 6 6 6 15 15 15 15 15 15 15 51 51 51 51 51 51 51 238 242 242 246 246 246 246 898 1013 1051 1117 1124 1124 1124 2376 3942 4638 5233 5453 5506 5549 2376 10314 17901 22587 24805 25626 26175
5491 12834508 3 3 3 3 3 3 3 8 8 8 8 8 8 8 30 30 30 30 30 30 30 117 117 130 135 135 138 138 422 482 554 582 583 597 597 1123 1866 2424 2669 2733 2845 2856 1123 5037 9531 11817 12863 13796 14041
9359 26202620 2 2 2 2 2 2 2 14 14 14 14 14 14 14 64 64 64 67 67 67 67 252 260 260 279 279 279 279 998 1168 1195 1286 1291 1293 1293 2706 4521 5200 5931 6093 6146 6177 2706 11827 19665 25309 27210 27936 28426
9917 2728537 1 1 1 1 1 1 1 3 3 3 3 3 3 3 9 9 9 9 9 9 9 36 36 36 36 36 36 36 117 119 121 128 129 129 129 324 456 552 595 619 629 637 324 1220 2218 2621 2848 2936 3021
8359 12366596 3 3 3 3 3 3 3 9 9 9 9 9 9 9 30 30 30 30 30 30 30 138 139 140 145 148 148 148 506 557 576 618 630 631 631 1363 2166 2471 2731 2864 2906 2914 1363 5578 8964 11152 12413 12931 13175
2461 126238705 10 10 10 10 10 10 10 57 57 57 57 57 57 57 257 257 264 270 270 270 270 1132 1175 1231 1265 1266 1272 1301 4281 5021 5474 5848 5917 6027 6246 11423 18983 23240 26344 27358 28176 29483 11423 50166 89088 113273 123691 130249 137913
8633 21422313 1 1 1 1 1 1 1 8 8 8 8 8 8 8 44 44 44 44 44 44 44 226 230 230 237 237 237 237 844 978 1015 1111 1114 1122 1123 2200 3693 4252 4861 4976 5044 5088 2200 9824 16223 21170 22763 23489 23956
5661 4909170 2 2 2 2 2 2 2 4 4 4 4 4 4 4 17 17 17 17 17 17 17 52 52 52 52 52 52 52 179 187 196 205 205 205 205 484 774 965 1043 1054 1072 1076 484 2081 3828 4627 4934 5088 5223
139 166173261 12 12 12 12 12 12 12 89 89 89 89 89 89 89 373 402 402 402 402 402 402 1523 1708 1735 1740 1761 1765 1765 5670 7162 7676 7870 8023 8131 8163 14986 27148 32845 35495 37130 38023 38375 14986 72054 126450 154109 169124 176982 180633
9519 3846681 1 1 1 1 1 1 1 3 3 3 3 3 3 3 7 7 7 7 7 7 7 38 41 41 41 41 41 41 145 175 178 178 179 181 181 381 672 766 813 832 850 851 381 1767 2979 3619 3865 4076 4141
279 68754254 10 10 10 10 10 10 10 30 30 30 30 33 33 33 103 105 106 106 136 136 136 458 490 504 518 673 673 673 1723 2068 2260 2383 3198 3217 3219 4618 7999 9968 11118 15452 15691 15774 4618 21169 38273 48287 70741 73431 74641
3657 5637208 2 2 2 2 2 2 2 4 4 4 4 4 4 4 12 12 12 12 12 12 12 68 68 68 68 68 68 68 252 280 295 309 309 309 310 674 1085 1228 1363 1386 1394 1413 674 2937 4648 5695 6134 6261 6436
2437 53930906 4 4 4 4 4 4 4 20 20 20 20 20 20 20 109 109 109 109 110 110 110 536 554 566 577 584 585 588 1983 2301 2447 2569 2630 2643 2661 5125 8805 10557 11649 12201 12361 12523 5125 23359 40958 50633 55430 57539 58948
4849 880287321 76 80 80 80 80 80 80 376 404 409 409 409 409 409 1688 1884 1935 1937 1937 1937 1941 7364 8613 8935 9045 9109 9141 9178 28060 37040 40225 41577 42387 42808 43160 74454 142623 173862 187951 196195 200534 203527 74454 378354 668775 811363 890299 932022 958498
2761 29949332 3 3 3 3 3 3 3 13 13 13 13 13 13 13 57 57 57 57 57 57 57 244 251 252 259 271 271 274 960 1078 1138 1239 1368 1368 1389 2479 4052 4909 5749 6594 6631 6797 2479 10806 18920 25212 30491 31386 32606
6603 51102629 4 4 4 4 4 4 4 18 18 18 18 18 18 18 99 107 108 108 108 108 108 433 478 489 490 490 491 491 1736 2149 2320 2396 2406 2443 2447 4666 8168 10160 11101 11441 11765 11846 4666 21586 39392 48458 52546 55462 56386
1189 34406434 6 6 6 6 6 6 6 19 19 19 19 19 19 19 80 80 80 80 80 80 80 304 312 326 327 328 328 328 1193 1368 1515 1573 1598 1604 1607 3136 5288 6613 7274 7649 7776 7861 3136 14165 25592 31654 34956 36353 37290
5027 122239197 15 15 15 15 15 15 15 61 61 61 61 61 61 61 291 291 291 291 291 291 291 1238 1279 1285 1286 1286 1286 1286 4836 5555 5844 5972 6055 6093 6115 12663 21113 24929 26818 27933 28492 28844 12663 55603 95268 115757 126508 132049 135220
1703 105543180 11 11 11 11 11 11 11 51 51 51 51 51 51 51 205 208 216 216 216 216 217 951 1018 1104 1112 1114 1132 1140 3499 4214 4830 4977 5015 5108 5167 9264 16163 20642 22368 23169 23770 24216 9264 42754 78391 96447 105130 110550 114124
5881 27900689 4 4 4 4 4 4 4 17 17 17 17 17 17 17 78 78 78 78 78 78 78 314 314 319 324 324 324 324 1123 1200 1321 1389 1394 1397 1399 3008 4513 5596 6240 6396 6469 6521 3008 11955 21490 26803 28895 30000 30548
543 1475731641 154 154 154 154 154 154 154 664 677 679 679 679 679 679 2945 3076 3127 3137 3137 3144 3144 12638 13979 14600 14872 14969 15054 15076 48105 59851 65640 68653 70012 70853 71199 127230 230996 285550 314809 329145 336818 340564 127230 611922 1096871 1360109 1495282 1567926 1604986
1519 37466590 9 9 9 9 9 9 9 21 21 21 21 21 21 21 79 79 84 84 84 84 84 293 302 330 347 373 373 373 1209 1409 1642 1791 1920 1923 1926 3141 5221 6833 7812 8580 8713 8779 3141 13779 26242 33680 38865 40370 41185
2913 59956778 2 2 2 2 2 2 2 15 15 18 18 18 18 18 96 96 114 114 114 114 114 450 480 551 578 579 579 579 1791 2135 2617 2880 2905 2911 2914 4853 8325 11307 13222 13595 13763 13873 4853 22115 43633 57386 62026 64287 65454
8313 59258773 7 7 7 7 7 7 7 23 23 23 23 23 23 23 97 99 99 100 100 100 100 452 502 512 523 536 536 550 1665 2195 2401 2521 2648 2671 2752 4472 8527 10696 11749 12604 12861 13331 4472 22620 41200 51514 58270 60985 63833
7243 142798272 16 16 16 16 16 16 16 77 77 77 77 77 77 77 319 331 333 333 333 333 333 1312 1411 1467 1471 1473 1477 1477 5014 6015 6574 6763 6860 6951 6970 13270 23111 28379 30673 31820 32739 32990 13270 61027 108357 131774 143638 151306 154441
6733 4381413 2 2 2 2 2 2 2 4 4 4 4 4 4 4 14 14 14 14 14 14 14 43 43 45 45 45 45 45 161 177 204 205 205 211 211 470 746 917 999 1012 1042 1043 470 2000 3458 4286 4553 4810 4858
4587 207106915 12 12 12 12 12 12 12 86 86 86 86 86 86 86 371 377 386 387 387 387 387 1647 1831 2005 2052 2063 2065 2068 6360 8234 9427 9885 10015 10085 10145 16707 31779 40572 44763 46388 47189 47938 16707 84099 155238 193287 210771 219651 226028
9649 24218641 4 4 4 4 4 4 4 9 9 9 9 9 9 9 49 55 55 55 55 55 55 221 267 271 271 272 272 272 849 1147 1198 1207 1240 1244 1244 2187 4340 5061 5281 5576 5669 5687 2187 11484 19380 22771 25014 25981 26341
6439 14884990 3 3 3 3 3 3 3 12 12 12 12 12 12 12 39 39 39 39 39 39 39 159 164 164 164 164 164 164 587 690 710 711 711 716 733 1516 2669 3104 3243 3267 3331 3483 1516 7078 11855 13993 14700 15336 16308
3569 40176704 4 4 4 4 4 4 4 22 22 22 23 23 23 23 100 100 100 110 110 110 110 361 362 367 432 432 432 432 1379 1490 1547 1887 1907 1916 1923 3621 5713 6725 8633 8945 9124 9211 3621 15329 25862 37217 40555 42517 43571
3171 91699315 7 7 7 7 7 7 7 56 57 57 57 57 57 57 234 240 240 241 241 241 241 967 1013 1027 1063 1064 1064 1064 3516 4065 4298 4585 4643 4660 4666 9368 15483 18339 20533 21244 21478 21630 9368 40548 69537 87817 95402 98762 100552
9447 13531712 1 1 1 1 1 1 1 5 5 5 5 5 5 5 37 37 37 37 37 37 37 137 137 137 137 137 138 138 489 593 612 614 635 646 648 1301 2355 2714 2849 3030 3094 3158 1301 6303 10550 12433 13788 14397 14906
4693 19837815 2 2 2 2 2 2 2 9 9 9 9 9 9 9 47 47 47 49 49 49 49 201 202 204 230 230 230 230 777 862 906 1035 1035 1035 1035 2060 3280 3824 4664 4727 4747 4759 2060 8568 14268 19828 21234 21738 21976
8479 968930282 79 79 79 79 79 79 79 438 445 445 445 445 445 445 2030 2126 2157 2162 2177 2187 2190 8625 9344 9641 9815 9956 10035 10090 32814 39849 43231 45025 46116 46932 47344 87172 153031 187020 204470 214516 220951 224282 87172 404549 716469 882184 972103 1026679 1055019
4947 6022504 1 1 1 1 1 1 1 5 5 5 5 5 5 5 12 12 12 12 12 12 12 57 61 62 62 62 62 62 217 263 302 305 307 307 307 564 1009 1264 1379 1424 1436 1436 564 2650 4620 5845 6417 6626 6675
1627 66305520 4 4 4 4 4 4 4 26 27 27 27 27 27 27 136 147 147 147 147 147 147 582 664 680 701 702 707 707 2248 2882 3096 3299 3334 3385 3385 5957 11038 13233 14790 15195 15576 15616 5957 28765 50123 63160 67995 71137 72033
8609 26523587 1 1 1 1 1 1 1 8 8 8 8 8 8 8 47 47 49 49 49 49 49 228 232 254 265 265 265 265 851 1002 1197 1268 1273 1281 1281 2267 3952 5297 5846 6007 6114 6166 2267 10391 19915 24833 26820 27932 28507
2903 67753492 5 5 5 5 5 5 5 32 32 32 32 32 32 32 152 152 152 152 152 152 152 696 704 708 713 716 719 719 2747 3105 3254 3317 3377 3412 3416 7398 12017 14011 14915 15483 15848 15944 7398 31362 53202 63591 69154 72465 73736
9437 980676 1 1 1 1 1 1 1 3 3 3 3 3 3 3 7 7 7 7 7 7 7 16 16 16 16 16 16 16 59 61 61 61 61 61 61 150 217 228 241 242 242 242 150 591 921 1065 1105 1110 1111
557 61985459 10 10 10 10 10 10 10 34 34 34 34 34 34 34 150 151 151 151 151 151 151 601 625 634 638 646 646 646 2304 2685 2867 2978 3065 3080 3081 5995 10203 12161 13262 14025 14314 14386 5995 26915 46237 56743 63285 66027 67145
8629 16217312 6 6 6 6 6 6 6 11 11 11 11 11 11 11 40 40 40 40 40 40 40 174 177 177 178 178 178 178 677 763 805 818 820 820 820 1719 2880 3416 3644 3735 3792 3811 1719 7547 13048 15651 16949 17566 17889
1359 34114869 6 6 6 6 6 6 6 18 18 18 18 18 18 18 71 83 83 83 83 83 83 274 349 361 363 365 372 373 1043 1465 1619 1648 1665 1701 1711 2785 5438 6832 7238 7469 7732 7825 2785 14373 26391 31307 33951 36203 36995
1551 414396685 27 27 27 27 27 27 27 161 163 163 163 163 163 163 738 796 818 825 828 828 844 3282 3706 3988 4067 4144 4154 4235 12682 16139 18302 19258 19812 20039 20510 33710 61748 78812 87039 91689 93862 96353 33710 163896 300953 374118 415540 435444 452481
9099 10857046 2 2 2 2 2 2 2 7 7 7 7 7 7 7 27 27 27 27 27 27 27 113 113 113 116 116 117 117 447 483 508 539 540 555 555 1136 1752 2095 2359 2397 2512 2519 1136 4620 8014 10224 10863 11607 11735
2863 58176552 7 7 7 7 7 7 7 22 22 22 22 22 22 22 131 135 135 135 135 135 135 585 625 628 635 635 635 635 2229 2646 2785 2862 2895 2904 2907 6025 10105 11759 12551 13096 13306 13382 6025 26822 45011 53941 59428 61901 62984
5069 91537751 2 2 2 2 2 2 2 39 39 39 39 39 39 39 188 190 190 190 190 190 190 812 887 927 932 934 935 935 3153 3895 4276 4386 4480 4501 4504 8426 15078 18502 19911 20916 21240 21326 8426 39566 71048 85816 94969 98656 100042
6869 761263811 65 65 65 65 65 65 65 321 321 322 322 322 322 322 1496 1532 1571 1578 1581 1581 1581 6666 7159 7530 7615 7676 7681 7686 25919 31475 34763 35908 36767 36950 37035 68336 119807 149644 162615 170685 173448 174813 68336 316732 574248 703853 778058 810054 826323
9401 294611181 17 17 17 17 17 17 17 109 109 114 114 114 114 114 573 597 621 621 621 621 622 2566 2799 2939 2959 2976 2982 3007 9884 12210 13570 13983 14322 14422 14571 26062 46574 58376 62990 66229 67437 68554 26062 123059 224107 271924 300265 312971 321820
5451 8373938 1 1 1 1 1 1 1 4 4 4 4 4 4 4 26 26 26 26 26 26 26 95 98 98 98 105 105 105 335 370 396 396 432 436 436 896 1402 1687 1721 1918 1956 1967 896 3717 6311 7250 8595 8966 9110
7933 72077324 8 8 8 8 8 8 8 34 34 34 34 34 34 34 152 153 153 153 153 153 153 670 721 739 739 746 746 750 2565 3150 3358 3434 3511 3522 3564 6843 12245 14505 15589 16268 16440 16845 6843 32515 55883 67551 74138 76531 79519
1883 10744891 3 3 3 3 3 3 3 9 9 9 9 9 9 9 24 24 24 24 24 24 24 100 112 112 112 112 112 112 392 476 495 497 498 503 504 1050 1926 2178 2316 2378 2458 2479 1050 5134 8387 9970 10685 11400 11764
9111 39174119 3 3 3 3 3 3 3 12 12 12 12 12 12 12 70 70 70 70 70 70 70 394 403 408 408 408 413 413 1621 1809 1902 1926 1934 1981 1984 4287 6787 7904 8423 8604 8929 9027 4287 18167 30401 36683 39411 41885 42800
7853 104063555 10 10 10 10 10 10 10 46 46 46 46 46 46 46 217 231 231 231 231 231 231 1011 1134 1144 1150 1150 1155 1155 3820 4683 4948 5079 5106 5146 5175 10044 17864 21185 22895 23620 24136 24411 10044 47106 80442 97886 105886 111028 113780
4327 11433942 2 2 2 2 2 2 2 10 10 10 10 10 10 10 27 27 28 28 28 28 28 99 99 112 112 112 112 112 405 447 525 556 556 558 558 1070 1678 2210 2533 2606 2632 2645 1070 4370 8360 10921 11778 12131 12348
4311 27441415 3 3 3 3 3 3 3 14 14 14 14 14 14 14 61 61 61 61 61 61 62 273 279 284 284 287 287 299 1050 1197 1261 1278 1297 1310 1351 2771 4469 5269 5602 5851 5963 6258 2771 12002 20845 24769 27031 28111 29880
2207 144691917 4 4 4 4 4 4 4 51 51 51 51 51 51 51 264 285 287 287 287 287 287 1221 1342 1366 1384 1387 1387 1391 4818 5939 6347 6641 6719 6759 6822 12856 22936 27577 30462 31697 32359 32909 12856 61135 106834 133307 145891 152542 157233
1267 217049570 20 20 20 20 20 20 20 83 83 83 83 83 87 87 357 385 389 396 397 420 420 1636 1851 1919 1999 2007 2133 2133 6332 8222 8920 9550 9655 10430 10439 16982 31615 38783 44042 45650 49973 50303 16982 82803 148310 189866 206993 232369 236659
7531 61816656 10 10 10 10 10 10 10 25 25 25 25 25 25 25 114 120 120 120 121 121 121 555 609 615 616 633 633 635 2143 2638 2792 2861 2986 2994 3010 5773 10213 12154 13037 13842 14092 14334 5773 27090 46646 55990 62762 65571 67526
4811 319438359 31 31 31 31 31 31 31 149 149 149 149 149 149 149 658 670 671 671 676 676 676 2911 3118 3189 3209 3248 3265 3265 11312 13654 14649 15038 15420 15617 15650 30024 52052 62993 68054 71515 73288 73820 30024 138096 241899 294199 324615 341056 347426
8149 37708235 3 3 3 3 3 3 3 23 23 23 23 23 23 23 84 85 85 85 85 85 85 320 370 387 387 387 387 388 1167 1666 1806 1838 1849 1857 1872 3018 6375 7778 8268 8557 8706 8802 3018 16641 29692 35276 38572 40224 41124
4297 21827603 2 2 2 2 2 2 2 11 11 13 13 13 13 13 39 39 47 47 47 47 47 168 169 235 235 235 235 235 600 658 1025 1047 1056 1063 1069 1545 2478 4371 4671 4799 4941 4996 1545 6620 16706 20230 21845 23165 23655
6009 5880602 2 2 2 2 2 2 2 3 3 3 3 3 3 3 16 16 16 16 16 16 16 68 68 68 68 68 68 68 245 265 283 287 291 292 292 625 985 1211 1287 1333 1350 1359 625 2673 4880 5749 6263 6432 6596
1309 139144863 11 11 11 11 11 11 11 74 74 74 74 74 74 74 313 313 319 319 319 319 319 1291 1318 1372 1415 1433 1433 1433 4969 5641 6192 6599 6862 6894 6920 13195 21273 26446 29717 31809 32275 32622 13195 55546 100267 126748 143198 149031 152717
4987 31042521 1 1 1 1 1 1 1 13 13 13 13 13 13 13 75 75 75 76 76 76 76 301 304 310 325 326 326 326 1138 1259 1395 1529 1541 1545 1545 3005 4771 6100 7008 7219 7294 7312 3005 12618 23569 30485 32869 33919 34310
2857 156678930 22 22 22 22 22 22 22 84 84 84 84 84 84 84 352 371 387 387 387 387 387 1413 1590 1670 1683 1702 1705 1708 5321 6820 7396 7560 7773 7819 7837 13910 26164 31741 33752 35610 36142 36382 13910 69573 121458 144909 161186 167629 170597
5933 21366253 3 3 3 3 3 3 3 8 8 8 8 8 8 8 38 38 38 38 51 51 51 141 143 147 152 225 225 225 511 547 587 634 1018 1019 1020 1320 1973 2426 2840 4727 4805 4871 1320 5269 9264 12271 21600 22463 23061
4953 113407544 11 11 11 11 11 11 11 45 45 45 45 45 45 45 189 194 201 201 202 202 214 927 1007 1081 1091 1101 1101 1170 3579 4370 4965 5148 5224 5259 5562 9385 16818 21427 23450 24352 24832 26466 9385 44462 82105 101002 110166 115399 124352
2023 74432280 10 10 10 10 10 10 10 48 48 48 48 48 48 48 185 185 186 186 186 186 186 751 785 795 796 802 803 803 2813 3330 3565 3624 3714 3728 3740 7326 12640 15267 16262 17011 17342 17488 7326 32600 57650 69275 76117 79641 81243
1091 20911020 4 4 4 4 4 4 4 13 13 13 13 13 13 13 50 51 51 51 51 51 51 217 233 235 235 235 235 235 851 1044 1086 1097 1110 1112 1115 2310 3944 4503 4741 4994 5034 5088 2310 10340 16884 19821 21896 22583 23052
2841 176686560 15 15 15 15 15 15 15 89 89 89 89 89 89 89 390 393 394 394 394 394 394 1621 1685 1743 1754 1757 1772 1779 6231 7244 7875 8073 8151 8278 8328 16571 28092 34627 37435 38665 40044 40490 16571 74359 133937 162043 176077 187410 191949
7457 17003504 3 3 3 3 3 3 3 13 13 13 13 13 13 13 35 35 35 35 35 35 35 156 161 165 173 173 173 173 634 698 726 812 826 836 836 1626 2623 3031 3632 3829 3932 3997 1626 6972 11577 15683 17495 18325 18770
981 92568440 10 10 10 10 10 10 10 37 37 37 37 37 37 37 184 197 197 197 197 197 197 807 908 929 945 945 945 945 3167 4088 4342 4503 4547 4582 4585 8360 15863 18777 20436 21151 21558 21670 8360 42017 71466 87568 95337 99744 101221
2067 192460900 26 26 26 26 26 26 26 119 119 119 119 119 119 119 475 477 477 482 482 482 482 1974 2061 2087 2125 2128 2129 2129 7519 8824 9430 9713 9811 9870 9882 19920 33587 39991 42906 44184 44962 45308 19920 88493 152159 182853 197542 206014 210224
5541 8826343 3 3 3 3 3 3 3 10 10 10 10 10 10 10 28 32 32 32 32 32 32 95 113 115 115 115 115 115 295 415 440 450 452 454 454 775 1492 1722 1915 1954 1991 2004 775 3884 6518 8164 8752 9152 9388
7167 13849521 2 2 2 2 2 2 2 12 12 12 12 12 12 12 38 38 38 38 38 38 38 124 125 133 133 133 133 133 510 599 679 698 699 701 713 1345 2255 2850 3099 3126 3162 3263 1345 5929 11003 13444 14145 14589 15214
4537 22848950 4 4 4 4 4 4 4 10 10 10 10 10 10 10 38 38 46 46 46 46 46 145 166 218 218 218 218 218 594 774 1043 1073 1097 1120 1127 1563 2922 4385 4796 5009 5175 5247 1563 7660 16624 20647 22707 23971 24574
1587 180502516 22 22 22 22 22 22 22 88 89 89 89 89 89 89 378 396 398 404 404 411 411 1639 1821 1871 1920 1936 2002 2002 6142 7517 8148 8574 8737 9099 9125 16266 28486 34829 38670 40146 42111 42428 16266 74249 131976 165781 180486 193821 197477
3473 117337840 9 9 9 9 9 9 9 35 35 35 36 36 36 36 163 163 163 208 208 210 211 789 813 823 1089 1089 1103 1127 3011 3514 3815 5365 5416 5513 5639 8021 13513 16599 24787 25505 26366 27211 8021 35686 63249 107188 115836 122512 128046
9253 86750737 5 5 5 5 5 5 5 29 29 29 29 29 29 29 169 171 171 172 172 172 172 762 793 800 832 834 837 837 2967 3434 3672 4024 4092 4122 4132 7896 13208 15906 18548 19334 19823 20027 7896 35218 61684 80931 88696 92852 95001
8101 40175485 4 4 4 4 4 4 4 16 16 16 16 16 16 16 94 94 94 94 94 94 94 420 431 432 432 432 432 432 1626 1871 1931 1948 1959 1963 1965 4288 7282 8510 8968 9153 9277 9328 4288 19342 32549 38491 41359 42747 43487
113 1035797375 84 84 84 84 84 84 84 383 393 393 395 395 395 395 2008 2122 2138 2154 2157 2166 2166 8843 9894 10164 10348 10431 10514 10549 34459 43312 46568 48680 49695 50454 50770 90913 165730 199950 220194 230094 237009 239820 90913 439370 767842 950305 1043453 1100459 1127561
9653 1029159 1 1 1 1 1 1 1 3 3 3 3 3 3 3 5 5 5 5 5 5 5 13 13 14 14 14 14 14 50 50 55 55 56 56 56 155 198 258 260 271 275 275 155 518 931 1003 1094 1184 1202
759 95732234 10 10 10 10 10 10 10 44 44 44 44 44 44 44 244 247 248 248 248 248 248 945 993 1034 1038 1042 1042 1042 3635 4209 4705 4811 4882 4897 4905 9525 15746 19811 21120 21878 22191 22310 9525 41361 75993 90811 99134 102739 104511
8623 19452883 4 4 4 4 4 4 4 13 13 13 13 13 13 13 43 43 43 43 43 46 46 188 201 203 204 204 219 219 656 794 835 863 875 918 918 1796 3185 3705 4048 4204 4457 4463 1796 8475 14165 17406 19117 20798 21043
7103 33972089 2 2 2 2 2 2 2 14 14 14 14 14 14 14 68 68 68 68 68 68 68 303 346 347 347 350 351 351 1131 1526 1591 1620 1640 1650 1652 3015 5947 6877 7374 7642 7793 7870 3015 15884 26341 31558 34093 35727 36725
8879 95291890 6 6 6 6 6 6 6 34 34 34 34 34 34 34 197 197 197 198 198 198 198 899 944 952 989 996 996 996 3511 4128 4332 4630 4721 4741 4760 9264 15750 18340 20550 21526 21837 22112 9264 41657 69725 87901 96815 100585 103217
7517 722719899 46 53 53 53 53 53 53 289 318 318 318 318 318 318 1308 1518 1527 1541 1541 1541 1541 5646 6977 7217 7402 7415 7448 7463 21573 30008 32614 34331 34796 35146 35433 57430 114893 140970 156294 161846 165505 168086 57430 303852 539732 672308 731577 767139 789008
5379 82882956 7 7 7 7 7 7 7 34 34 34 34 34 34 34 165 166 167 167 167 167 167 724 765 782 785 785 785 785 2853 3523 3760 3889 3903 3911 3916 7526 13850 16901 18246 18886 19114 19228 7526 36412 64020 78232 85160 88414 89907
3059 836467422 35 65 65 65 65 65 65 231 363 363 363 363 363 363 1145 1800 1816 1818 1826 1826 1826 4999 8306 8542 8579 8697 8712 8720 18755 35826 38438 39335 40453 40797 40999 49277 137055 164775 177335 187040 190983 193240 49277 363341 635405 768074 851780 890533 911905
2257 344130498 25 25 25 25 25 25 25 161 174 174 174 174 174 174 661 743 745 746 746 746 746 2954 3484 3552 3622 3636 3641 3641 11193 14933 15950 16535 16777 16848 16863 29796 58127 69847 75840 78710 79812 80237 29796 153008 265363 324158 354188 367799 374378
5389 5955972 1 1 1 1 1 1 1 3 3 3 3 3 3 3 15 15 15 15 15 15 15 55 59 60 62 62 62 62 247 280 293 323 331 331 331 632 985 1128 1342 1402 1404 1413 632 2693 4225 5821 6331 6473 6593
9849 2832770 2 2 2 2 2 2 2 6 6 6 6 6 6 6 13 13 13 13 13 13 13 36 36 36 36 36 36 36 137 138 151 157 157 157 158 326 446 543 627 641 646 672 326 1135 2044 2688 2857 2932 3065
2497 314808492 28 28 28 28 28 28 28 159 159 159 159 159 159 159 703 718 719 719 721 721 721 2943 3169 3227 3258 3288 3289 3290 11095 13412 14394 14872 15195 15253 15300 29239 51401 62425 67897 71137 72263 72955 29239 136399 239723 293967 323874 336412 344085
7477 10097899 1 1 1 1 1 1 1 4 4 4 4 4 4 4 29 29 29 29 29 29 29 110 118 118 119 121 121 121 445 506 516 527 547 548 548 1176 1901 2154 2272 2444 2489 2498 1176 5017 7988 9320 10579 11002 11140
437 48452593 7 7 7 7 7 7 7 18 18 18 18 18 18 18 91 92 94 94 94 94 94 396 434 463 468 469 469 469 1604 1984 2228 2291 2341 2363 2404 4163 7582 9514 10250 10752 10937 11225 4163 20103 36332 43976 48589 50432 52459
1623 22689528 3 3 3 3 3 3 3 9 9 9 9 9 9 9 44 51 51 51 51 51 51 188 216 216 217 217 217 217 794 1020 1079 1107 1111 1119 1119 2044 3760 4619 5034 5179 5319 5324 2044 9962 17639 21554 23112 24441 24800
2311 4964815 2 2 2 2 2 2 2 6 6 6 6 6 6 6 12 12 12 12 12 12 12 49 49 49 49 49 49 49 192 218 223 223 223 223 223 504 897 1018 1080 1108 1118 1118 504 2407 3897 4764 5181 5374 5410
4877 228372175 18 18 18 18 18 18 18 92 92 92 92 92 92 92 507 508 525 525 525 525 526 2144 2228 2368 2397 2408 2414 2429 8192 9475 10642 10990 11148 11233 11360 21586 36042 45271 48830 50666 51803 52895 21586 95457 172843 209425 228854 239446 247737
2963 213950762 28 28 28 28 28 28 28 114 114 114 114 114 114 114 480 480 481 485 485 485 485 1992 2068 2122 2181 2185 2191 2194 7685 8925 9676 10175 10296 10418 10479 20170 34119 41731 46123 47989 49131 49720 20170 89775 159681 198305 217150 227718 233356
8551 11914234 5 5 5 5 5 5 5 11 11 11 11 11 11 11 26 29 29 29 29 29 29 91 114 115 116 116 116 116 354 493 534 549 575 576 581 941 1840 2270 2486 2667 2677 2712 941 4808 8862 10943 12388 12615 12982
2691 41015212 3 3 3 3 3 3 3 16 16 16 16 16 16 16 79 84 84 84 84 84 84 338 421 421 423 424 424 424 1292 1858 1929 1970 1999 2009 2012 3398 7249 8383 8983 9345 9521 9596 3398 18897 31550 38218 41523 43486 44409
1399 351246914 36 36 36 36 36 36 36 148 150 153 153 153 153 153 645 682 723 723 723 723 723 2817 3133 3484 3515 3528 3543 3543 10649 13421 15858 16364 16583 16764 16804 28275 52087 69604 75596 78586 80341 81034 28275 137640 267784 327633 358509 375485 383497
6471 3694708 1 1 1 1 1 1 1 4 4 4 4 4 4 4 12 12 12 12 12 12 12 42 42 44 44 44 44 44 149 163 179 197 198 198 198 387 617 723 881 910 915 931 387 1601 2688 3662 3961 4051 4169
5537 25789433 3 3 3 3 3 3 3 14 14 14 14 14 14 14 58 58 58 58 58 58 58 259 263 263 263 263 263 263 1074 1209 1265 1291 1296 1296 1296 2853 4502 5294 5637 5779 5826 5881 2853 11905 20503 24519 26367 27315 28002
6427 19775281 3 3 3 3 3 3 3 18 18 18 18 18 18 18 59 59 59 59 59 59 59 205 205 209 212 212 212 212 691 795 899 944 946 948 948 1819 2989 3952 4338 4491 4558 4582 1819 7763 15252 18931 20481 21193 21480
2883 6623963 2 2 2 2 2 2 2 6 6 6 6 6 6 6 15 15 15 15 15 15 15 62 66 66 66 66 66 66 217 293 304 309 310 310 310 556 1123 1318 1411 1460 1487 1509 556 2954 5035 6005 6547 6874 7074
6301 146672124 8 8 12 12 12 12 12 35 37 61 61 61 61 61 178 208 333 333 333 333 333 775 939 1580 1583 1596 1597 1597 2904 3922 7074 7183 7325 7367 7375 7682 14984 30226 32186 33468 34042 34296 7682 39688 115784 138241 150853 157344 160390
3091 428493464 41 41 41 41 42 42 42 195 195 196 196 213 213 213 816 828 843 849 948 948 948 3542 3782 3977 4053 4516 4535 4537 13604 16149 17616 18323 20848 21122 21214 35844 62098 75627 82541 96348 98635 99756 35844 164177 289070 354702 435479 456244 467234
5303 118470173 6 6 6 6 6 6 6 40 40 41 41 41 41 41 215 215 246 246 246 249 249 914 933 1168 1169 1169 1184 1184 3521 4075 5414 5514 5559 5678 5690 9295 15990 23669 25327 26138 27190 27397 9295 42002 90093 108741 117734 125731 128288
6421 90426319 6 6 6 6 6 6 6 34 34 35 35 35 35 35 184 184 203 203 203 203 203 760 775 923 924 926 926 926 2951 3415 4225 4327 4375 4408 4414 7785 13134 18303 19670 20432 20837 20936 7785 35269 70947 85291 93096 97203 98709
3499 45556255 4 4 4 4 4 4 4 19 19 19 19 19 19 19 117 117 117 123 123 123 123 463 476 497 518 518 518 519 1681 1911 2049 2174 2187 2194 2223 4361 7199 8589 9698 10048 10157 10447 4361 18878 32563 41562 45521 47152 49286
5113 41797498 4 4 4 4 4 4 4 18 18 18 18 18 18 18 95 95 95 95 95 95 95 404 407 408 415 418 418 418 1495 1764 1873 1961 1981 1984 1991 3967 6831 8345 9212 9505 9610 9714 3967 17582 31722 39715 43179 44451 45466
8413 10207595 1 1 1 1 1 1 1 7 7 7 7 7 7 7 20 20 20 20 20 20 20 102 107 107 107 107 107 107 390 444 473 483 484 485 485 1027 1708 2147 2254 2306 2350 2362 1027 4532 8319 9837 10595 11003 11219
2917 5207251121 444 449 449 450 450 450 450 2140 2197 2202 2242 2242 2242 2242 10082 10625 10765 10989 11005 11019 11030 43905 48886 50629 52260 52730 52999 53217 168677 211733 230885 244058 249675 252598 254557 446855 812121 997273 1108929 1162837 1190647 1207231 446855 2147658 3819456 4778524 5272446 5532880 5680580
3273 484403994 38 38 38 38 38 38 38 202 202 202 202 202 202 202 1016 1034 1038 1038 1038 1038 1038 4358 4698 4827 4874 4888 4889 4895 17004 20458 22268 23083 23380 23485 23607 44500 77916 96059 104793 108673 110600 111903 44500 205571 368225 453266 493949 515499 528129
5621 53743522 6 6 6 6 6 6 6 31 31 31 31 31 31 31 119 119 119 119 119 119 119 554 596 601 601 601 601 601 2086 2462 2586 2630 2647 2670 2675 5519 9386 11010 11801 12162 12375 12499 5519 24691 41953 50758 54993 57416 58689
5441 57398350 4 4 4 4 4 4 4 13 13 13 13 13 13 13 98 104 104 105 105 105 105 462 512 523 564 564 564 564 1738 2202 2418 2744 2767 2773 2783 4636 8552 10490 12593 12997 13191 13327 4636 22379 40100 54033 58764 61288 62735
9407 2346327 2 2 2 2 2 2 2 5 5 5 5 5 5 5 14 14 14 14 14 14 14 28 28 28 28 28 28 28 91 96 105 105 105 105 105 220 342 472 512 525 526 529 220 888 1846 2214 2427 2485 2578
7877 35368884 2 2 2 2 2 2 2 8 8 8 8 8 8 8 42 60 60 60 60 60 60 188 294 328 330 338 340 342 696 1301 1583 1635 1709 1727 1749 1881 4968 6734 7341 7932 8069 8260 1881 12975 25652 31361 35583 37224 38584
637 25529687 3 3 3 3 3 3 3 16 16 16 16 16 16 16 65 65 65 65 65 65 65 270 279 283 283 283 283 283 946 1134 1237 1263 1270 1270 1274 2458 4344 5409 5805 5945 5971 6034 2458 11253 20375 24708 26688 27336 27903
1299 122011363 14 14 14 14 14 14 14 50 50 50 50 50 50 50 249 257 260 263 265 265 265 1051 1167 1249 1273 1292 1296 1297 3930 4958 5629 5847 6003 6061 6089 10317 18773 24155 26366 27663 28216 28618 10317 49131 92139 112662 124632 129720 133233
2111 253919371 36 36 36 36 36 36 36 139 139 139 139 139 139 139 580 590 596 596 597 597 597 2360 2532 2636 2682 2714 2721 2721 8842 10578 11611 12118 12399 12506 12524 23138 40033 49515 54561 57162 58472 58854 23138 104426 188447 233604 257639 270275 275121
1731 59895208 4 4 4 4 4 4 4 23 24 24 24 24 24 24 99 110 110 110 110 110 110 515 608 614 622 622 622 622 1860 2658 2804 2944 2971 2993 2995 4978 10175 11962 13220 13600 13935 14052 4978 26767 45344 56396 60886 63861 65115
2269 31667908 5 5 5 5 5 5 5 13 13 13 13 13 13 13 67 67 67 67 73 73 73 302 313 316 316 342 342 342 1184 1340 1408 1422 1553 1553 1563 3123 5155 6062 6479 7237 7283 7362 3123 13614 23483 28044 32929 33800 34540
9557 16980013 1 1 1 1 1 1 1 11 11 11 11 11 11 11 39 39 39 39 39 39 39 159 161 166 173 177 177 177 658 739 779 823 861 863 863 1771 2842 3336 3699 3954 4023 4037 1771 7559 12789 15788 17689 18427 18688
6577 24925289 2 2 2 2 2 2 2 14 14 14 14 14 14 14 50 50 50 50 50 50 50 205 223 223 223 225 226 226 857 1084 1125 1150 1184 1193 1197 2253 4129 4763 5231 5531 5683 5753 2253 10685 17938 22323 24930 26382 26954
4033 68622420 1 1 1 1 1 1 1 16 16 16 16 16 16 16 117 117 117 135 135 135 135 531 572 586 694 697 697 697 2029 2459 2621 3205 3249 3254 3254 5381 9588 11485 14843 15390 15582 15620 5381 25433 44310 64587 70486 73033 74071
9829 26981246 1 1 1 1 1 1 1 19 19 19 19 19 19 19 58 58 58 58 58 58 58 276 284 292 292 294 294 294 1049 1247 1327 1331 1345 1350 1353 2772 4840 5730 5989 6186 6280 6326 2772 12774 21957 25698 27848 28992 29574
3921 88816568 16 16 16 16 16 16 16 59 59 59 59 59 59 59 220 221 222 222 222 222 222 901 962 974 976 978 979 979 3519 4231 4426 4497 4584 4602 4604 9129 15799 18491 19651 20478 20720 20866 9129 42147 70416 83988 92001 95334 97273
4183 21030719 2 2 2 2 2 2 2 8 8 8 8 8 8 8 35 35 35 35 35 35 35 212 212 212 215 216 216 216 823 924 934 1010 1024 1027 1027 2106 3443 3902 4475 4645 4717 4733 2106 9119 15009 19604 21396 22305 22581
5009 2774770 1 1 1 1 1 1 1 5 5 5 5 5 5 5 13 13 13 13 13 13 13 31 31 33 33 33 33 33 96 106 132 132 133 133 133 246 422 608 615 653 656 656 246 1162 2420 2716 3035 3088 3098
2469 84061287 5 5 5 5 5 5 5 28 28 28 28 28 28 28 161 161 164 168 168 168 168 791 845 862 896 896 904 904 3065 3698 3883 4068 4101 4183 4205 8181 14143 16728 18445 18943 19582 19809 8181 36918 63704 78834 84827 89972 92224
3247 336091416 32 32 32 32 32 35 35 140 147 147 147 147 156 156 620 694 705 705 705 754 754 2516 3093 3280 3291 3306 3567 3567 9386 13210 14685 15027 15324 16651 16694 24797 50557 63051 67697 70837 77694 78396 24797 133624 242040 291805 321151 360111 367823
3049 249002691 29 29 29 29 29 29 29 117 117 118 118 118 118 118 542 553 559 560 560 560 560 2237 2470 2550 2582 2588 2588 2618 8563 10817 11630 11981 12132 12215 12391 22713 41054 49664 53723 55641 56809 58004 22713 108866 191488 231768 251869 263619 272589
2807 48067882 11 11 11 11 11 11 11 28 28 28 28 28 28 28 105 105 105 106 106 106 106 449 479 481 500 501 505 505 1759 2069 2186 2333 2358 2385 2385 4673 7738 9210 10361 10762 10982 11008 4673 20583 35536 45248 49475 51586 52202
5761 37450235 3 3 3 3 3 3 3 13 13 13 13 13 13 13 56 61 61 61 61 62 62 300 348 348 348 353 370 370 1207 1508 1571 1615 1652 1745 1752 3329 5935 7013 7529 7854 8423 8488 3329 16008 27562 33022 36196 39958 40743
2739 76080260 3 3 3 3 3 3 3 34 34 34 34 34 34 34 147 148 148 148 151 151 151 678 713 720 729 777 785 785 2645 3078 3242 3388 3637 3709 3723 6901 11560 13762 15274 16818 17378 17569 6901 30572 52510 66200 76361 80706 82664
6587 43415308 3 3 3 3 3 3 3 21 21 21 21 21 21 21 87 88 88 94 94 94 94 365 382 391 455 455 457 457 1389 1671 1812 2139 2154 2168 2168 3560 6390 7793 9655 9910 10107 10153 3560 16930 29837 41506 44588 46352 47215
5589 43210247 4 4 4 4 4 4 4 20 20 20 20 20 20 20 115 115 115 115 115 115 115 423 441 461 465 470 470 478 1598 1859 2034 2081 2135 2156 2193 4217 6894 8495 9130 9594 9785 10083 4217 18203 32458 39271 43162 45132 47279
6307 9556486 1 1 1 1 1 1 1 4 4 4 4 4 4 4 16 16 16 16 16 16 16 79 89 89 89 89 89 89 300 411 420 429 437 438 438 738 1654 1880 2033 2155 2198 2211 738 4212 7023 8714 9715 10111 10350
1881 9411053 4 4 4 4 4 4 4 11 11 11 11 11 11 11 32 32 32 32 32 32 32 109 110 110 110 110 110 110 442 490 503 508 509 510 510 1181 1847 2053 2225 2249 2278 2286 1181 4872 7717 9400 9869 10218 10438
9927 5139553 1 1 1 1 1 1 1 2 2 2 2 2 2 2 8 8 8 8 8 8 8 40 48 48 48 48 48 48 168 254 255 255 256 256 256 451 999 1127 1167 1211 1215 1219 451 2561 4281 4913 5413 5550 5618
2209 564894260 7 34 34 34 34 34 34 59 196 196 199 199 199 199 307 1022 1029 1065 1069 1069 1069 1534 4984 5125 5453 5540 5556 5573 5859 21606 23682 26002 26822 27031 27220 15514 83063 103187 119634 126360 128948 130674 15514 218029 393194 514163 571686 597850 613532
4153 5331989 2 2 2 2 2 2 2 4 4 4 4 4 4 4 12 13 13 13 13 13 13 46 62 62 62 62 62 62 151 254 257 260 261 261 261 405 927 1082 1175 1237 1247 1263 405 2406 4152 5215 5677 5852 5944
1171 875885974 76 76 76 76 76 76 76 348 348 352 352 352 353 353 1716 1765 1813 1820 1825 1832 1832 7766 8408 8853 9025 9087 9142 9149 29638 36064 39864 41640 42398 42868 42997 78291 138169 171427 188203 195967 200569 202338 78291 365369 657601 813375 891056 933281 953012
4783 196493734 14 14 14 14 14 14 14 95 95 95 95 95 95 95 435 438 438 438 438 438 439 1825 1905 1929 1949 1954 1956 1963 7171 8415 8958 9313 9452 9511 9610 18994 32227 38609 42112 43926 44662 45458 18994 85906 148012 181379 199541 207692 213938
873 44809029 4 4 4 4 4 4 4 15 15 15 15 15 15 15 76 76 83 85 85 85 85 354 355 421 451 453 453 454 1297 1506 1894 2084 2133 2133 2145 3445 5863 8366 9564 10104 10173 10303 3445 15333 32188 41502 46406 47730 48922
1127 27847995 4 4 4 4 4 4 4 18 18 18 18 18 18 18 62 62 62 62 62 62 62 289 303 310 310 310 310 310 1042 1251 1342 1350 1379 1383 1383 2767 4968 5870 6139 6382 6499 6531 2767 13159 22331 26242 28759 29833 30280
6201 2878938550 283 283 283 283 283 283 283 1285 1305 1307 1309 1309 1309 1309 5873 6082 6124 6156 6166 6170 6171 25996 28323 29146 29728 29942 30038 30082 99785 122358 132077 137880 140441 141608 142324 263979 468800 568645 622995 649821 662846 670365 263979 1240552 2177246 2682273 2942673 3074369 3147113
9243 69073639 4 4 4 4 4 4 4 15 15 15 15 15 15 15 156 156 156 156 156 156 156 666 703 730 730 733 738 738 2513 3014 3236 3334 3379 3450 3451 6694 11753 14052 15076 15628 16161 16277 6694 30961 53197 63795 69609 73925 75465
9931 60071781 7 7 7 7 7 7 7 26 26 26 26 26 26 26 121 121 126 128 128 130 130 504 515 593 604 604 624 624 1910 2212 2689 2815 2853 2981 2989 5061 8489 11481 12577 13069 13893 14043 5061 22613 44131 54033 58903 64098 65684
4073 12103937 5 5 5 5 5 5 5 11 11 11 11 11 11 11 31 31 31 31 31 31 31 114 114 114 114 114 114 114 457 509 537 551 565 570 570 1240 2021 2399 2619 2743 2806 2813 1240 5346 9072 11229 12391 13039 13195
6303 11545370 3 3 3 3 3 3 3 9 9 9 9 9 9 9 32 35 35 35 35 35 35 88 123 123 123 123 128 128 347 512 530 534 540 571 571 928 2008 2325 2466 2558 2722 2728 928 5316 8763 10527 11503 12566 12673
7177 72945018 7 7 7 7 7 7 7 29 29 40 40 40 40 40 99 99 151 151 151 151 151 496 511 715 718 718 722 731 1871 2179 3264 3379 3400 3456 3515 5100 8368 14217 15414 15914 16380 16723 5100 22283 54819 66857 72529 76592 79138
317 152614912 21 21 21 21 21 21 21 83 83 84 84 84 84 84 329 331 362 362 362 362 362 1388 1445 1670 1675 1691 1692 1695 5246 6089 7377 7535 7671 7706 7770 13438 22593 31281 33455 34694 35194 35726 13438 59251 119428 144039 156498 162447 166947
5883 9008504 2 2 2 2 2 2 2 7 7 7 7 7 7 7 20 20 20 20 20 20 20 85 85 88 88 88 88 88 342 387 453 461 461 469 469 905 1479 1938 2061 2093 2156 2157 905 3887 7384 8831 9414 9789 9923
2369 55115125 6 6 6 6 6 6 6 33 33 33 33 33 33 33 114 125 125 125 125 125 125 467 552 564 564 564 564 564 1865 2421 2592 2682 2718 2740 2747 4980 9558 11323 12322 12695 12914 13007 4980 25230 42931 52744 56814 59239 60398
4453 131893256 12 12 12 12 12 12 12 58 58 58 58 58 58 58 262 267 267 267 271 271 277 1091 1212 1253 1256 1289 1298 1328 4179 5241 5771 5912 6160 6232 6372 11146 20206 25284 27246 28896 29580 30402 11146 53412 96948 117827 130759 137433 142821
1039 631112324 52 52 52 52 52 52 52 258 258 266 266 266 266 266 1284 1307 1368 1368 1372 1372 1372 5529 5872 6325 6400 6468 6470 6473 20883 24967 28424 29504 30191 30441 30553 55159 95547 123214 134675 141570 144663 146169 55159 252987 472910 581992 644203 673768 689388
8999 42659698 2 2 2 2 2 2 2 19 19 19 19 19 19 19 104 105 105 105 105 105 105 420 447 455 455 460 461 461 1559 1838 2005 2032 2074 2108 2108 3967 7071 8609 9024 9475 9756 9827 3967 18640 33205 39039 43125 45455 46350
7619 138159791 5 5 5 5 5 5 5 35 39 39 39 39 39 39 241 273 274 275 275 275 275 1159 1450 1487 1503 1503 1507 1507 4464 6205 6644 6788 6814 6898 6903 11713 23680 28411 30310 31080 31866 32135 11713 62519 108581 129577 139716 146696 149861
167 663075203 42 42 42 42 42 42 42 231 237 237 242 242 242 242 1265 1318 1323 1385 1391 1391 1391 5619 6282 6457 6804 6873 6877 6887 21642 27268 29555 31703 32358 32553 32705 56865 104068 127480 143229 149611 152211 153991 56865 274177 489615 618247 679540 707471 724543
4817 48872452 7 7 7 7 7 7 7 21 21 21 21 21 21 21 100 101 104 104 104 104 104 412 431 454 460 502 504 504 1620 1909 2128 2169 2383 2411 2421 4309 7236 9069 9685 10989 11264 11390 4309 19238 34654 41535 49794 52169 53503
4233 7112434 2 2 2 2 2 2 2 7 7 7 7 7 7 7 20 20 24 24 24 24 24 61 62 75 75 75 75 75 223 259 310 330 330 334 334 586 1004 1341 1478 1497 1579 1584 586 2727 5114 6203 6661 7291 7408
311 718923996 68 68 68 68 68 68 68 341 342 343 343 343 343 343 1454 1509 1550 1554 1554 1554 1554 6244 6829 7166 7286 7323 7357 7372 24141 29910 33085 34461 35002 35327 35469 64045 114643 142573 156090 162488 165883 167351 64045 302266 544148 670493 733732 767172 782809
121 572954446 56 56 56 56 56 56 56 245 245 245 245 245 245 245 1166 1201 1219 1233 1238 1240 1241 5033 5438 5693 5832 5886 5907 5924 19465 23680 25974 27111 27672 27942 28070 51844 91098 112429 123403 128779 131736 133107 51844 241127 431457 532878 583732 611710 625160
8807 98898617 10 10 11 11 11 11 11 42 42 52 52 52 52 52 170 172 218 219 219 219 219 676 704 993 1014 1014 1014 1022 2580 2991 4521 4736 4796 4800 4862 6790 11486 19576 21531 22185 22472 22883 6790 30500 75011 92797 100779 104560 107816
#resid 0 0 0 0 0
