# q=5 mode=cycq roots=300 cp_lo=4 cp_hi=10 buf_lo=9 buf_hi=15 seed=2026
# root nvisited then n_cp*n_buf cumulative counts N(val<=cp[ci], pmax<=buf[bi]) row-major ci,bi
1077 27341656 4 4 4 4 4 4 4 16 16 16 16 16 16 16 82 85 88 88 88 88 88 307 358 377 379 379 379 379 1145 1529 1695 1715 1723 1723 1723 3023 5836 7086 7457 7616 7644 7661 3023 15350 26574 31219 33131 33861 34135
1699 162212209 25 25 25 25 25 25 25 103 103 103 103 103 103 103 499 499 499 500 500 500 500 2196 2238 2265 2295 2323 2323 2323 8457 9311 9794 10083 10256 10263 10271 22360 34810 40724 43769 45153 45492 45678 22360 91616 152454 183143 196521 201355 203612
303 270812420 46 46 46 46 46 46 46 205 205 205 205 205 205 205 908 912 912 912 912 912 912 3650 3822 3852 3870 3909 3917 3919 13662 15866 16558 16873 17194 17278 17317 35831 59716 68885 72911 75691 76499 76911 35831 156747 258322 302547 326833 335561 339678
9511 8416168 2 2 2 2 2 2 2 9 9 9 9 9 9 9 40 40 40 40 40 40 40 131 131 138 138 138 138 138 465 495 556 568 575 581 581 1260 1899 2363 2501 2545 2566 2569 1260 4769 8556 9922 10413 10622 10672
2921 26405346 3 3 3 3 3 3 3 17 17 17 17 17 17 17 77 78 78 78 78 78 78 335 375 380 383 383 383 383 1300 1586 1717 1740 1743 1745 1745 3477 6073 7211 7560 7671 7700 7722 3477 15832 26630 30966 32633 33201 33493
9989 14032553 2 2 2 2 2 2 2 9 9 9 9 9 9 9 46 46 46 46 46 46 46 193 195 203 203 203 203 203 704 829 884 904 904 915 915 1855 3257 3860 4035 4079 4141 4146 1855 8709 14407 16550 17276 17875 18016
9469 46882168 8 8 8 8 8 8 8 25 25 25 25 25 25 25 114 116 116 116 116 116 116 560 611 624 624 624 624 625 2195 2720 2925 2943 2960 2966 2998 5799 10337 12249 12737 13038 13134 13307 5799 27149 45887 53069 56711 57871 59057
881 166826784 24 24 24 24 24 24 24 91 91 91 91 91 91 91 505 507 507 507 507 510 510 2276 2353 2371 2379 2383 2404 2404 8634 9804 10202 10351 10433 10532 10552 22816 36891 42532 44940 46217 46998 47241 22816 96888 159462 187046 200150 206834 209578
3817 28651546 8 8 8 8 8 8 8 20 20 20 20 20 20 20 88 88 88 88 88 88 88 373 398 405 405 405 405 405 1516 1758 1817 1839 1845 1845 1845 3970 6579 7531 7952 8079 8116 8141 3970 17580 28941 33812 35597 36281 36657
6823 104105674 14 14 14 14 14 14 14 68 68 68 68 68 68 68 321 333 335 335 335 335 335 1359 1453 1491 1491 1492 1492 1492 5229 6153 6585 6677 6701 6712 6717 13691 22772 27213 28756 29243 29449 29636 13691 59753 102117 120019 126668 129369 131264
5489 727165 1 1 1 1 1 1 1 2 2 2 2 2 2 2 6 6 6 6 6 6 6 15 15 15 15 15 15 15 53 54 54 56 56 56 56 127 167 177 201 210 210 210 127 436 657 839 928 935 959
4229 4156885 1 1 1 1 1 1 1 4 4 4 4 4 4 4 12 12 12 12 12 12 12 55 55 61 61 61 61 61 200 225 259 271 280 280 286 519 847 1106 1181 1245 1245 1285 519 2124 3884 4508 4916 5020 5230
9383 55250410 7 7 7 7 7 7 7 41 41 41 41 41 41 41 172 173 173 173 173 173 173 776 800 805 808 814 814 814 2889 3270 3395 3462 3503 3503 3506 7604 12447 14190 15101 15583 15646 15701 7604 32888 53070 62847 67543 68886 69667
1931 46977831 12 12 12 12 12 12 12 40 40 40 40 40 40 40 171 173 173 173 173 173 173 653 686 699 699 699 701 701 2379 2798 3016 3052 3058 3072 3074 6178 10239 12312 12999 13218 13386 13437 6178 26713 46359 54073 57157 58781 59244
4409 119912918 11 11 11 11 11 11 11 76 76 76 76 76 76 76 356 356 356 356 356 356 356 1651 1709 1743 1756 1758 1758 1758 5994 6878 7289 7611 7694 7702 7703 15842 25760 30206 32829 33811 34036 34110 15842 67387 113174 137103 147268 150618 151883
3647 8778584 2 2 2 2 2 2 2 6 6 6 6 6 6 6 33 33 33 33 33 33 33 132 133 133 133 133 133 133 482 538 547 553 569 569 569 1257 1999 2218 2329 2439 2455 2457 1257 5205 8338 9739 10619 10937 11016
9637 49363957 4 4 4 4 4 4 4 27 31 31 31 31 31 31 116 146 146 146 146 146 146 466 661 669 669 673 673 673 1769 2843 2994 3033 3083 3089 3089 4606 10650 12444 13136 13582 13774 13795 4606 28308 46915 54828 59168 61032 61565
9697 14555515 1 1 1 1 1 1 1 6 6 6 6 6 6 6 42 42 42 42 42 42 42 211 220 220 220 220 220 220 752 846 915 929 929 929 929 1907 3146 3735 4028 4060 4070 4072 1907 8260 14092 16904 17703 18012 18134
8649 12471772 7 7 7 7 7 7 7 18 18 18 18 18 18 18 55 55 55 55 55 55 55 184 189 190 190 190 190 190 683 808 835 843 843 846 846 1752 2974 3343 3532 3571 3604 3617 1752 7779 12452 14607 15253 15692 15905
2967 135212294 19 19 19 19 19 19 19 104 104 104 104 104 104 104 403 412 412 417 417 420 420 1799 1866 1894 1946 1955 1988 1988 6760 7681 8059 8429 8569 8719 8727 17798 28593 33304 36170 37454 38300 38460 17798 74857 124765 150245 162032 168131 170049
1657 48611849 11 11 11 11 11 11 11 36 36 36 36 36 36 36 159 159 162 162 162 162 162 590 652 687 690 691 691 691 2154 2707 2916 2987 3036 3049 3054 5571 10097 12026 12898 13494 13610 13686 5571 26428 44973 53670 58656 60087 60817
4433 510138546 65 65 65 65 65 65 65 359 359 359 359 359 359 359 1529 1586 1589 1592 1592 1592 1592 6448 6957 7101 7149 7169 7174 7175 24300 29113 31094 31751 32067 32155 32214 64505 110566 130595 138738 142372 143649 144318 64505 291248 491202 579819 617531 633435 640951
7777 54309948 3 3 3 3 3 3 3 32 32 32 32 32 32 32 162 162 162 162 162 162 162 742 762 772 779 779 781 781 2844 3160 3315 3383 3404 3413 3419 7581 11814 13764 14485 14835 14989 15093 7581 31245 51922 60643 64982 66802 67679
943 48001567 6 6 6 6 6 6 6 35 35 35 35 35 35 35 171 172 175 175 175 175 175 638 674 718 718 718 718 718 2361 2712 3073 3094 3109 3112 3112 6168 10076 12823 13367 13665 13731 13735 6168 26606 48113 55602 59008 60120 60571
6521 44763149 5 5 5 5 5 5 5 24 24 24 24 24 24 24 110 130 130 130 130 130 130 452 566 583 583 583 583 583 1789 2534 2725 2750 2758 2762 2762 4751 9552 11240 11794 12054 12200 12238 4751 25437 42626 50209 53593 55280 55828
2081 12730797 3 3 3 3 3 3 3 9 9 9 9 9 9 9 38 39 39 39 39 39 39 150 164 164 165 165 165 165 593 748 766 791 804 812 812 1569 2744 3084 3262 3401 3501 3513 1569 7126 11626 13619 14742 15605 15732
9753 26797133 3 3 3 3 3 3 3 14 14 14 14 14 14 14 86 86 86 86 86 86 86 310 322 331 331 331 331 335 1259 1474 1593 1617 1621 1623 1648 3329 5673 6841 7167 7293 7347 7486 3329 14847 25720 29905 31676 32645 33527
1069 7806333 2 2 2 2 2 2 2 8 8 8 8 8 8 8 22 23 23 23 23 23 23 105 113 113 113 113 113 113 367 473 500 500 500 513 513 937 1792 2085 2144 2188 2256 2264 937 4735 7802 8705 9221 9648 9776
653 33980170 4 4 4 4 4 4 4 20 20 20 20 20 20 20 108 111 111 111 111 111 111 473 487 493 493 493 493 493 1789 2002 2109 2149 2152 2152 2152 4806 7562 8926 9492 9682 9718 9728 4806 20114 33525 39493 41801 42654 42948
1573 360203602 43 43 43 43 43 43 43 284 284 284 284 284 284 284 1185 1190 1193 1193 1197 1197 1197 4800 4982 5075 5129 5171 5173 5173 17785 20581 21721 22311 22732 22790 22804 46452 77315 90592 96741 99880 100858 101249 46452 203735 342097 405714 435509 447016 451595
7977 64048209 5 5 5 5 5 5 5 34 34 34 34 34 34 34 161 171 171 184 184 184 184 696 746 756 871 871 882 882 2543 3071 3277 3828 3899 3990 4010 6712 11686 13850 16862 17491 18084 18207 6712 30658 51906 69570 75501 79251 80258
4823 19873332 3 3 3 3 3 3 3 13 13 13 13 13 13 13 59 59 59 59 59 59 59 236 254 254 262 262 262 262 919 1126 1209 1257 1267 1274 1274 2416 4308 5104 5547 5623 5683 5697 2416 11170 18554 22583 23778 24477 24867
2579 140273298 28 28 28 28 28 28 28 108 108 108 108 108 108 108 429 432 432 436 436 436 436 1796 1938 1941 1976 1976 1977 1979 6891 8254 8460 8851 8875 8899 8918 18204 30909 35004 38293 38947 39265 39429 18204 81478 131516 160134 169097 173432 175499
9889 17787489 3 3 3 3 3 3 3 19 19 19 19 19 19 19 66 66 66 66 66 66 66 215 232 232 232 232 232 232 847 1049 1092 1093 1097 1099 1103 2279 4030 4725 4852 4937 4994 5040 2279 10668 17874 20121 21354 21929 22262
8811 2731786 2 2 2 2 2 2 2 4 4 4 4 4 4 4 12 12 12 12 12 12 12 34 35 35 35 35 35 35 149 164 164 175 180 180 180 388 564 613 704 744 744 744 388 1519 2375 2995 3264 3311 3326
1491 71333639 11 11 11 11 11 11 11 40 40 40 40 40 40 40 211 211 211 211 211 211 211 982 999 1004 1022 1022 1022 1022 3812 4230 4453 4602 4632 4645 4645 10112 15788 18352 19684 20101 20269 20312 10112 41581 68579 81939 86702 88727 89433
1079 85227661 11 11 11 11 11 11 11 57 57 57 57 57 57 57 258 263 264 266 266 266 266 1033 1142 1171 1204 1205 1208 1208 3728 4706 5113 5332 5363 5393 5393 9714 17581 21283 23129 23701 24014 24052 9714 46311 79812 96396 102907 105885 106691
3649 17519351 3 3 3 3 3 3 3 9 9 9 9 9 9 9 51 51 51 51 51 51 51 214 215 216 221 234 234 242 782 832 878 909 967 967 989 2149 3217 3920 4249 4645 4664 4793 2149 8574 15071 18193 20647 21144 21908
7071 3848758 1 1 1 1 1 1 1 5 5 5 5 5 5 5 16 16 16 16 16 16 16 51 51 51 51 51 51 51 192 261 269 271 280 289 289 457 851 968 992 1055 1102 1102 457 2113 3439 3894 4315 4600 4636
3721 24967023 3 3 3 3 3 3 3 15 15 15 15 15 15 15 64 64 64 64 64 65 65 287 294 302 302 302 318 318 1086 1269 1372 1397 1428 1509 1509 2891 4911 5861 6269 6583 6946 6954 2891 13089 22093 26148 28798 31075 31261
4049 67133454 12 12 12 12 12 12 12 47 47 47 47 47 47 47 190 203 203 203 203 203 203 832 913 924 938 940 940 940 3096 3798 3972 4068 4107 4113 4113 8249 14547 17050 18129 18603 18736 18783 8249 38537 64645 76204 81494 83402 84198
3927 44002709 5 5 5 5 5 5 5 40 40 40 40 40 40 40 133 148 148 148 148 148 148 529 610 615 622 622 622 622 2040 2579 2672 2778 2784 2785 2787 5331 9659 11072 12028 12254 12320 12377 5331 25258 41683 50472 53513 54577 55261
109 94089172 9 9 9 9 9 9 9 55 55 55 55 55 55 55 316 316 316 316 316 316 316 1354 1378 1382 1385 1385 1385 1385 4891 5587 5730 5840 5858 5866 5869 12872 21254 24136 25566 26005 26202 26323 12872 56430 91160 107258 113516 116200 117693
8309 78544287 11 11 11 11 11 11 11 58 58 58 58 59 60 60 224 226 233 245 258 269 269 949 972 1007 1087 1147 1186 1186 3563 3975 4226 4712 4955 5166 5166 9204 14649 17128 20037 21401 22481 22539 9204 38614 64035 82719 92272 98479 99540
8129 3396150 1 1 1 1 1 1 1 3 3 3 3 3 3 3 10 10 10 10 10 10 10 45 45 45 45 45 45 45 181 194 203 204 206 206 206 461 719 868 886 921 926 926 461 1888 3237 3712 3996 4136 4179
7069 110777390 19 19 19 19 19 19 19 71 71 71 71 71 71 71 355 357 357 357 357 357 357 1398 1473 1513 1517 1517 1517 1517 5293 6124 6561 6696 6729 6773 6776 14076 23375 27992 29761 30401 30820 30869 14076 61538 106232 125530 133115 137404 138598
1401 42137669 6 6 6 6 6 6 6 28 28 28 28 28 28 28 136 138 138 138 138 138 138 593 613 615 620 621 621 621 2261 2616 2691 2761 2775 2778 2781 5888 9653 11000 11791 12039 12122 12203 5888 25203 40910 48656 51353 52446 53275
2793 11184056 3 3 3 3 3 3 3 9 9 9 9 9 9 9 44 44 44 44 44 44 44 156 156 157 157 157 157 157 605 627 657 667 672 672 672 1610 2324 2769 2950 3080 3109 3117 1610 6193 10674 12641 13737 14045 14183
9041 13529446 6 6 6 6 6 6 6 18 18 18 18 18 18 18 47 50 50 50 50 50 50 172 206 206 206 206 206 206 607 855 876 890 897 897 897 1567 3101 3522 3722 3818 3845 3862 1567 8194 13300 15613 16608 16948 17136
377 6891414 5 5 5 5 5 5 5 9 9 9 9 9 9 9 23 23 23 23 23 23 23 77 83 83 83 83 83 83 383 446 454 461 461 462 462 1014 1656 1832 1940 1952 1964 1967 1014 4401 6926 7974 8303 8507 8583
219 6148771 4 4 4 4 4 4 4 8 8 8 8 8 8 8 27 27 27 27 27 27 27 104 104 112 112 112 112 112 361 382 412 415 416 418 418 984 1406 1651 1721 1750 1808 1812 984 3740 6178 6996 7444 7816 7867
6749 28737676 5 5 5 5 5 5 5 13 13 13 13 13 13 13 88 88 88 88 88 88 88 351 366 373 375 375 375 375 1282 1505 1655 1689 1698 1721 1721 3378 5620 6943 7412 7617 7867 7878 3378 14695 26407 31632 33952 35756 35969
4341 39055455 9 9 9 9 9 9 9 22 22 22 22 22 22 22 107 113 113 113 113 113 113 453 504 509 511 514 514 514 1795 2274 2385 2418 2451 2452 2453 4686 8538 9924 10449 10788 10845 10880 4686 22412 37707 44352 47473 48433 48873
5053 32400592 6 6 6 6 6 6 6 17 17 17 17 17 17 17 81 81 81 81 81 81 81 378 401 402 406 406 406 406 1473 1784 1905 1961 1972 1974 1976 3972 6771 8082 8744 8978 9041 9061 3972 17814 30458 36621 39282 40268 40609
4001 35457476 5 5 5 5 5 5 5 30 30 30 30 30 30 30 125 125 125 125 125 125 125 470 502 503 504 504 504 504 1760 2150 2214 2245 2248 2258 2261 4678 8107 9200 9822 9951 10084 10135 4678 21280 34331 40951 42992 44282 44933
8597 29922500 2 2 2 2 2 2 2 16 16 16 16 16 16 16 104 105 105 105 105 105 105 409 453 462 462 462 462 462 1493 1792 1885 1902 1909 1913 1913 3962 6674 7862 8265 8454 8500 8524 3962 17561 29606 34664 36855 37525 37863
5583 3649059 2 2 2 2 2 2 2 5 5 5 5 5 5 5 15 15 15 15 15 15 15 47 47 47 47 47 47 47 189 211 220 220 220 220 220 484 807 937 946 971 974 974 484 2077 3459 3937 4257 4329 4348
9399 8646868 1 1 1 1 1 1 1 6 6 6 6 6 6 6 23 23 23 23 23 23 23 83 94 94 95 95 95 95 345 417 424 449 449 456 456 967 1781 2033 2244 2271 2316 2326 967 4859 7805 9896 10330 10687 10799
9441 6521559 1 1 1 1 1 1 1 3 3 3 3 3 3 3 13 13 13 13 13 13 13 57 60 60 60 60 60 60 312 365 393 398 398 398 398 855 1398 1703 1804 1816 1831 1850 855 3699 6373 7505 7801 8041 8171
357 24677330 3 3 3 3 3 3 3 15 15 15 15 15 15 15 70 82 82 82 82 82 82 269 321 332 332 332 332 332 1030 1327 1460 1479 1480 1480 1480 2758 5168 6308 6688 6773 6816 6862 2758 13916 24158 28643 30104 30766 31184
3471 3451592 1 1 1 1 1 1 1 5 5 5 5 5 5 5 11 11 11 11 11 11 11 40 44 44 44 44 44 44 151 211 218 219 221 221 221 397 829 923 960 976 978 980 397 2198 3351 3950 4169 4205 4237
287 189366249 26 26 26 26 26 26 26 124 124 124 124 124 124 124 594 608 608 610 610 610 610 2520 2660 2685 2698 2700 2705 2705 9622 11173 11638 11909 11981 12049 12050 25399 41730 48208 51283 52550 53179 53308 25399 110652 181288 214118 228574 235121 237349
1483 77456746 13 13 13 13 13 13 13 55 55 56 56 56 56 56 196 214 242 242 242 242 242 821 941 1081 1081 1087 1087 1087 3032 3866 4649 4734 4815 4839 4853 7855 14373 19139 20420 21148 21390 21568 7855 38022 72371 85812 92520 95298 96753
4203 16149149 3 3 3 3 3 3 3 11 11 11 11 11 11 11 61 61 61 61 61 61 61 242 248 248 254 254 254 254 878 996 1017 1062 1088 1088 1088 2249 3725 4147 4499 4663 4685 4696 2249 9542 15070 18330 19697 20090 20344
8199 40005970 7 7 7 7 7 7 7 23 23 23 23 23 23 23 107 112 112 118 118 118 118 460 510 510 549 549 549 549 1865 2235 2291 2524 2529 2543 2543 5001 8464 9603 10971 11128 11287 11351 5001 22322 35942 45724 48074 49545 50274
3017 7326191 2 2 2 2 2 2 2 7 7 7 7 7 7 7 15 15 15 15 15 15 15 93 96 97 97 97 101 101 292 351 363 392 392 430 430 812 1390 1567 1778 1835 1995 1997 812 3654 6030 7750 8277 9148 9217
8673 20905430 6 6 6 6 6 6 6 24 24 24 24 24 24 24 87 87 87 87 87 87 87 297 299 300 300 305 305 305 1007 1119 1175 1186 1266 1266 1266 2728 4316 5068 5307 5762 5799 5824 2728 11223 18844 22100 25081 25705 26023
9217 2908822 1 1 1 1 1 1 1 5 5 5 5 5 5 5 17 17 17 17 17 17 17 45 48 48 48 48 48 48 152 181 189 190 190 190 190 390 677 769 804 810 810 810 390 1793 3028 3470 3571 3624 3633
3799 29508968 4 4 4 4 4 4 4 10 10 10 10 10 10 10 70 70 77 77 77 77 77 323 332 371 375 375 375 375 1274 1442 1692 1762 1785 1789 1805 3360 5474 7258 7845 8033 8076 8194 3360 14620 27606 33130 35208 35916 36753
481 78144288 11 11 11 11 11 11 11 44 44 44 44 44 44 44 216 221 221 221 221 221 221 964 1037 1041 1045 1049 1049 1050 3713 4393 4637 4709 4758 4773 4788 9904 16825 19952 21052 21569 21731 21893 9904 44519 75412 88614 94487 96779 98113
9669 81873819 9 9 9 9 9 9 9 54 54 54 54 54 54 54 280 281 281 281 281 281 281 1132 1162 1176 1182 1182 1182 1186 4304 4851 5081 5194 5212 5218 5248 11394 18226 20933 22258 22627 22877 23057 11394 47982 78596 92718 97985 100803 102323
8521 27970173 1 1 1 1 1 1 1 11 11 11 11 11 11 11 82 82 82 82 82 82 82 401 401 404 407 407 407 407 1483 1657 1746 1822 1823 1832 1842 3846 6211 7220 7844 7927 8030 8101 3846 16190 26803 32366 33899 34932 35461
4429 16196869 3 3 3 3 3 3 3 13 13 13 13 13 13 13 51 51 51 51 51 51 51 229 238 239 240 240 240 240 882 998 1028 1063 1064 1066 1066 2204 3655 4255 4603 4638 4682 4703 2204 9543 15829 18894 19745 20303 20594
679 91174709 14 14 14 14 14 14 14 58 58 58 58 58 58 58 244 249 250 250 250 250 250 1069 1120 1185 1190 1192 1192 1192 4010 4740 5343 5468 5513 5538 5554 10558 17984 22585 24233 24792 25112 25289 10558 47282 85647 102328 108829 112098 113802
1043 15905323 4 4 4 4 4 4 4 15 15 15 15 15 15 15 53 53 53 53 53 53 53 195 202 202 203 205 205 205 779 900 940 970 994 997 997 2073 3315 3894 4226 4453 4487 4498 2073 8602 14690 17485 19267 19719 19909
8687 2810368 2 2 2 2 2 2 2 7 7 7 7 7 7 7 11 11 11 11 11 11 11 39 39 43 43 43 43 43 126 136 155 171 171 171 171 332 495 640 757 779 781 793 332 1240 2311 3192 3375 3407 3485
687 84383307 13 13 13 13 13 13 13 60 60 60 60 60 60 60 238 238 244 244 244 244 244 1115 1133 1177 1184 1184 1184 1184 4385 4799 5181 5295 5339 5347 5347 11544 17662 21505 22853 23564 23761 23809 11544 46201 80107 94616 101539 104390 105364
2021 31524084 5 5 5 5 5 5 5 23 23 23 23 23 23 23 99 101 101 101 101 101 101 442 462 473 474 474 474 474 1588 1806 2003 2018 2031 2036 2040 4193 6882 8461 8781 8949 9037 9078 4193 17975 31494 36032 38121 39122 39519
8009 2555000 1 1 1 1 1 1 1 3 3 3 3 3 3 3 11 11 11 11 11 11 11 35 36 36 36 36 36 36 124 142 147 149 150 150 150 343 588 682 708 724 725 725 343 1607 2640 3005 3207 3253 3270
5183 36151594 12 12 12 12 12 12 12 35 35 35 35 35 35 35 136 136 136 136 136 136 136 541 547 547 548 551 553 553 2035 2208 2244 2262 2294 2305 2311 5333 8105 9139 9466 9800 9927 9979 5333 21281 34583 39908 43180 44593 45096
5891 3630490 2 2 2 2 2 2 2 4 4 4 4 4 4 4 10 12 12 12 12 12 12 36 46 46 46 46 46 46 163 232 239 239 239 239 239 423 824 947 979 991 1001 1001 423 2163 3579 4047 4246 4387 4413
5823 21179739 5 5 5 5 5 5 5 15 15 15 15 15 15 15 58 58 58 58 58 58 58 288 294 295 295 295 295 295 1107 1238 1259 1282 1296 1311 1312 2942 4676 5202 5511 5698 5838 5858 2942 12427 19924 23278 24979 26015 26229
2697 81958430 9 9 9 9 9 9 9 46 46 48 48 48 48 48 216 220 236 236 236 236 236 923 1024 1107 1119 1119 1119 1119 3512 4283 4828 4998 5021 5024 5036 9190 16293 20706 22233 22725 22853 23002 9190 43048 77975 92863 98731 100913 102476
7277 153980886 19 19 19 19 19 19 19 106 106 106 106 106 106 106 472 478 478 478 478 478 478 2028 2120 2142 2147 2151 2154 2156 7685 8932 9395 9579 9664 9736 9769 20280 33770 39488 41718 42945 43595 43825 20280 89040 148476 173752 185713 191722 193865
797 68447850 12 12 12 12 12 12 12 51 51 51 51 51 51 51 216 216 216 216 221 222 222 888 910 918 925 949 958 958 3352 3836 4056 4163 4317 4380 4381 8764 14266 16630 17659 18603 19072 19163 8764 37553 62760 73673 80604 84133 85326
9661 6276688 1 1 1 1 1 1 1 6 6 6 6 6 6 6 25 25 26 26 26 26 26 75 76 88 88 88 88 88 309 343 405 406 417 417 417 759 1226 1629 1671 1748 1759 1773 759 3189 6162 7025 7629 7761 7874
7801 198925485 15 15 15 15 15 15 15 114 114 131 131 131 131 131 520 527 625 626 626 627 627 2168 2257 2740 2785 2789 2801 2801 8167 9523 11796 12210 12313 12412 12412 21640 36293 49837 53812 55055 55953 56073 21640 95522 187066 223814 238065 246341 248627
6517 4082295 2 2 2 2 2 2 2 9 9 9 9 9 9 9 20 20 20 20 20 20 20 75 77 77 77 77 77 77 254 268 273 273 273 273 273 658 975 1109 1142 1147 1169 1169 658 2564 4075 4716 4917 5144 5166
927 395474058 67 67 67 67 67 67 67 286 291 291 291 291 291 291 1146 1195 1205 1205 1210 1210 1210 4919 5334 5410 5431 5509 5518 5525 18805 22599 23848 24398 24999 25133 25199 49528 84721 99482 105802 110231 111556 112246 49528 222369 373748 440405 476943 490515 497065
7951 3780413 2 2 2 2 2 2 2 3 3 3 3 3 3 3 8 8 15 15 15 15 15 22 22 53 54 54 54 54 76 83 232 256 257 257 258 182 269 870 1033 1050 1057 1072 182 727 3201 4226 4444 4613 4720
1763 82981890 12 12 12 12 12 12 12 48 48 48 48 48 48 48 214 220 220 220 222 222 222 971 1060 1071 1075 1126 1126 1126 3718 4461 4650 4750 5066 5071 5077 9719 16887 19782 20945 22754 22906 22987 9719 44548 74934 88266 100003 102478 103607
2387 13306674 2 2 2 2 2 2 2 8 8 8 8 8 8 8 44 44 44 44 44 44 44 157 158 158 158 164 164 164 701 749 758 765 811 812 812 1951 2937 3287 3398 3714 3727 3744 1951 7713 12564 14336 16277 16571 16781
3353 53704469 9 9 9 9 9 9 9 34 34 34 34 34 34 34 142 150 152 152 152 152 152 593 641 685 685 686 690 690 2329 2843 3173 3274 3314 3341 3342 6069 10649 13236 14192 14704 14933 14975 6069 27930 49741 59295 64196 66362 67009
4071 71290310 4 4 4 4 4 4 4 47 47 47 47 47 47 47 208 213 213 213 213 213 213 956 1003 1008 1018 1018 1018 1018 3774 4363 4536 4640 4651 4659 4659 10013 16416 19005 20135 20432 20589 20650 10013 43262 71131 82984 87289 89232 90186
9161 2136529 1 1 1 1 1 1 1 2 2 2 2 2 2 2 6 6 6 6 6 6 6 19 34 34 34 34 34 34 51 165 165 165 165 165 165 118 579 614 636 639 639 639 118 1524 2129 2486 2568 2597 2651
2439 44777485 10 10 10 10 10 10 10 35 35 35 35 35 35 35 143 144 144 144 144 144 144 612 626 628 628 628 628 628 2282 2610 2726 2740 2755 2761 2761 6018 10156 11662 12217 12471 12609 12657 6018 26886 44203 51573 54673 55996 56660
1729 153640081 24 24 24 24 24 24 24 122 123 123 123 123 123 123 486 493 494 494 494 494 494 2005 2105 2176 2179 2183 2183 2189 7599 8736 9321 9420 9530 9576 9650 20328 33189 39274 41018 42266 42814 43299 20328 87714 148237 171265 183388 189032 192544
9419 4299481 1 1 1 1 1 1 1 5 5 5 5 5 5 5 12 12 12 12 12 12 12 53 55 55 55 56 56 56 211 259 259 268 281 281 281 532 977 1053 1163 1234 1237 1237 532 2487 3832 4713 5211 5302 5353
6369 1510239 1 1 1 1 1 1 1 2 2 2 2 2 2 2 6 6 6 6 6 6 6 20 20 20 20 20 20 20 79 84 87 87 87 87 87 209 317 378 393 401 402 402 209 820 1405 1731 1822 1843 1857
8627 3181336 2 2 2 2 2 2 2 6 6 6 6 6 6 6 13 13 13 13 13 13 13 47 47 47 47 47 47 47 175 191 202 202 202 202 202 470 801 894 916 922 941 942 470 2071 3175 3566 3728 3938 3971
7001 15813892 3 3 3 3 3 3 3 18 18 18 18 18 18 18 48 48 49 49 49 49 49 182 187 198 200 201 201 201 694 787 874 911 925 939 939 1853 3040 3760 4163 4313 4439 4459 1853 7955 13864 17323 18613 19580 19839
1819 161387338 23 23 23 23 23 23 23 106 107 111 111 111 111 111 420 435 480 480 480 480 480 1782 1947 2213 2234 2234 2236 2236 6888 8368 9794 10106 10166 10220 10231 18238 31502 40889 44158 45041 45570 45737 18238 82981 154343 184831 195892 201286 203501
7831 52523933 5 5 5 5 5 5 5 37 37 37 37 37 37 37 166 173 173 173 173 173 173 659 741 749 768 769 772 772 2401 2990 3124 3279 3336 3362 3363 6311 11336 13060 14252 14726 14944 14969 6311 30044 49133 59457 63726 65744 66306
457 189688795 32 32 32 32 32 32 32 164 164 164 164 164 164 164 631 636 638 639 651 652 652 2521 2656 2691 2707 2785 2799 2800 9315 10866 11447 11655 12086 12177 12218 24378 40453 47413 50218 52839 53573 53909 24378 106325 179130 209494 228670 235927 239156
8001 2732203 3 3 3 3 3 3 3 6 6 6 6 6 6 6 11 11 11 11 11 11 11 34 34 38 38 38 38 38 148 158 182 183 183 183 183 365 577 717 766 770 777 788 365 1510 2699 3195 3325 3440 3510
8233 53575601 2 2 2 2 2 2 2 21 21 21 21 21 21 21 151 151 151 151 151 151 151 678 713 724 726 727 727 727 2506 3059 3242 3321 3353 3356 3358 6667 11668 13700 14539 14904 15000 15042 6667 30736 51802 60830 64849 66222 66975
9781 433674568 62 62 62 62 62 62 62 307 308 308 308 308 308 308 1316 1336 1342 1358 1358 1358 1358 5481 5736 5867 6009 6037 6052 6053 20899 24158 25843 26892 27155 27336 27417 55149 91285 108301 117177 120152 121715 122586 55149 240146 406380 488349 520041 535761 543756
5717 4418729 1 1 1 1 1 1 1 7 7 7 7 7 7 7 17 17 17 17 17 17 17 66 66 66 66 66 66 66 221 236 242 242 243 243 243 598 961 1143 1165 1190 1190 1190 598 2607 4426 5119 5434 5463 5505
6743 53710881 6 6 6 6 6 6 6 37 37 37 37 37 37 37 145 151 151 151 151 151 151 679 750 755 770 770 770 770 2519 3061 3190 3331 3334 3361 3361 6704 11558 13377 14678 14918 15140 15178 6704 30438 50321 61846 65145 67224 67817
9087 12634058 1 1 1 1 1 1 1 11 11 11 11 11 11 11 36 36 36 36 36 36 36 169 180 180 180 180 180 180 618 762 786 799 799 800 800 1689 2912 3320 3475 3529 3548 3553 1689 7722 12767 14809 15512 15841 15955
7451 142997169 15 15 15 15 15 15 15 96 101 101 101 101 101 101 403 433 435 435 435 435 435 1701 1939 1990 2003 2011 2011 2012 6417 8069 8642 8848 8929 8947 8971 17038 30558 36183 38717 39658 39964 40222 17038 80551 135994 161440 172416 176768 179106
8377 5153461 3 3 3 3 3 3 3 8 8 8 8 8 8 8 19 19 19 19 19 19 19 84 84 84 84 84 84 84 299 323 333 333 334 334 334 801 1272 1452 1489 1517 1520 1520 801 3279 5334 6093 6515 6563 6592
8013 6279669 1 1 1 1 1 1 1 3 3 3 3 3 3 3 15 15 15 15 15 15 15 80 82 82 82 82 82 82 307 351 357 361 367 367 367 829 1301 1540 1630 1690 1700 1705 829 3409 5939 6986 7462 7638 7721
819 23001609 8 8 8 8 8 8 8 18 18 18 18 18 18 18 81 81 81 81 81 81 81 319 333 334 334 334 335 335 1201 1371 1411 1434 1442 1470 1470 3086 5051 5772 6143 6246 6435 6453 3086 13256 21653 25636 27065 28377 28640
8003 25382647 1 1 1 1 1 1 1 15 15 15 15 15 15 15 72 72 72 72 72 72 72 291 315 348 348 348 348 348 1083 1316 1558 1561 1580 1581 1585 2890 5032 6610 6835 7032 7070 7132 2890 13191 25122 28769 30734 31452 31888
389 46567831 12 12 12 12 12 12 12 40 40 40 40 40 40 40 155 155 156 156 156 156 156 650 661 670 672 675 675 675 2280 2579 2753 2819 2899 2904 2904 5876 9516 11347 12247 12882 12996 13044 5876 24954 43227 51680 56599 58024 58691
6349 7874471 1 1 1 1 1 1 1 3 3 3 3 3 3 3 27 27 27 27 27 27 27 105 112 113 113 113 113 113 373 431 476 489 490 491 491 1033 1620 2066 2176 2206 2237 2239 1033 4315 7842 9019 9486 9782 9887
5997 11969528 1 1 1 1 1 1 1 10 10 10 10 10 10 10 36 36 36 36 36 36 36 142 151 156 156 158 159 159 555 675 710 713 726 739 739 1482 2566 3100 3216 3321 3408 3408 1482 6659 11748 13376 14569 15081 15192
6319 69192983 12 12 12 12 12 12 12 54 54 54 54 54 54 54 229 229 229 231 231 231 231 912 954 954 966 978 980 980 3506 4115 4208 4315 4405 4460 4463 9395 15533 17464 18451 19041 19521 19569 9395 41150 65811 76987 82479 86175 87085
1271 3385373 2 2 2 2 2 2 2 6 6 6 6 6 6 6 12 12 12 12 12 12 12 42 43 43 43 43 43 43 174 188 205 207 207 212 217 459 708 853 913 919 933 968 459 1872 3138 3741 3924 4035 4235
3167 38240183 6 6 6 6 6 6 6 21 21 21 21 21 21 21 123 123 123 123 123 123 123 490 509 510 510 510 510 510 1984 2242 2338 2358 2374 2405 2410 5364 8538 9912 10306 10562 10786 10859 5364 22406 36674 42217 44976 46747 47650
7499 56878244 10 10 10 10 10 10 10 38 38 38 38 38 38 38 203 203 203 203 203 203 203 834 865 879 879 880 880 880 3115 3488 3694 3725 3747 3756 3759 8112 12852 14906 15690 16013 16191 16270 8112 33831 56144 65734 69611 71369 72256
7903 27188446 5 5 5 5 5 5 5 23 23 23 23 23 23 23 90 90 90 90 90 90 90 354 376 376 376 376 376 376 1384 1612 1649 1661 1662 1666 1667 3616 6193 7052 7374 7517 7600 7637 3616 16267 26497 30618 32481 33365 33855
5409 1074322609 183 183 183 183 183 183 183 771 771 771 771 771 771 771 3263 3317 3364 3366 3371 3372 3372 13615 14457 14941 15020 15080 15101 15111 50553 59738 64275 65860 66737 67061 67230 133724 226430 270409 288263 296894 300704 302482 133724 596489 1015418 1203979 1290468 1329014 1346348
2277 39566655 7 7 7 7 7 7 7 30 30 30 30 30 30 30 136 138 138 138 138 138 138 546 591 597 598 598 598 598 1942 2383 2502 2546 2549 2557 2557 5144 8852 10391 11002 11132 11258 11272 5144 23305 39377 46061 48438 49912 50222
7401 11517264 3 3 3 3 3 3 3 7 7 7 7 7 7 7 34 34 34 34 34 34 34 151 158 159 159 165 165 165 560 648 682 692 764 765 765 1501 2328 2726 2882 3282 3307 3307 1501 6127 10125 11914 14167 14432 14512
6027 11929526 2 2 2 2 2 2 2 5 5 5 5 5 5 5 14 14 33 33 33 33 33 55 56 136 136 137 137 137 173 201 656 669 684 688 688 423 727 2756 3001 3105 3165 3165 423 1892 10341 12912 14003 14517 14604
4911 34798497 6 6 6 6 6 6 6 25 25 25 25 25 25 25 89 95 95 95 95 95 95 462 513 515 518 520 520 520 1696 2096 2156 2204 2228 2246 2246 4353 7727 8693 9272 9546 9736 9751 4353 20324 32463 38831 41803 43311 43658
2403 123151908 22 22 22 22 22 22 22 87 88 88 88 88 88 88 387 394 398 398 398 398 398 1555 1636 1681 1683 1685 1685 1685 5960 6967 7444 7545 7595 7613 7632 15786 26467 31400 33070 33951 34274 34520 15786 69612 118007 138479 148025 151986 154233
7963 5511271 2 2 2 2 2 2 2 6 6 6 6 6 6 6 25 25 25 25 25 25 25 73 75 75 75 75 75 75 268 315 344 345 346 346 346 707 1185 1451 1542 1557 1558 1559 707 3104 5389 6358 6687 6800 6839
4191 1803562 1 1 1 1 1 1 1 3 3 3 3 3 3 3 6 6 6 6 6 6 6 27 27 27 27 27 27 27 93 105 105 105 112 112 112 214 353 371 392 477 480 480 214 929 1347 1612 2094 2162 2184
5087 8541217 2 2 2 2 2 2 2 6 6 6 6 6 6 6 29 29 29 29 29 29 29 103 105 106 106 115 116 116 369 393 418 418 479 489 489 987 1528 1828 1862 2320 2411 2422 987 3945 6665 7503 9873 10479 10618
1477 10107600 5 5 5 5 5 5 5 16 16 16 16 16 16 16 49 49 49 49 49 49 49 155 160 160 160 160 160 160 527 595 606 619 644 644 644 1382 2227 2436 2621 2815 2816 2819 1382 5868 9067 10831 12172 12346 12453
499 7102368 3 3 3 3 3 3 3 9 9 9 9 9 9 9 19 19 19 19 19 19 19 89 94 96 96 96 96 96 355 387 420 425 425 429 429 933 1460 1783 1868 1901 1941 1944 933 3782 6670 7890 8399 8711 8755
5491 44002859 5 5 5 5 5 5 5 29 29 29 29 29 29 29 134 138 138 138 138 138 138 544 592 599 599 602 602 602 2142 2501 2609 2636 2682 2690 2690 5741 9753 11208 11780 12365 12497 12530 5741 25590 41854 48800 53436 54881 55469
9359 4266752 2 2 2 2 2 2 2 5 5 5 5 5 5 5 20 20 20 20 20 20 20 62 66 66 66 66 66 66 229 266 286 286 286 288 288 575 984 1156 1179 1185 1206 1216 575 2594 4360 4878 5096 5318 5416
9917 25852392 1 1 1 1 1 1 1 6 8 8 8 8 8 8 19 50 50 54 54 54 54 121 268 274 334 334 334 334 505 1208 1303 1565 1567 1567 1568 1368 4677 5605 7195 7290 7333 7376 1368 12251 21182 30123 31569 32246 32718
8359 8632651 3 3 3 3 3 3 3 7 7 7 7 7 7 7 28 28 28 28 28 28 28 119 119 121 121 121 121 121 396 446 501 503 506 506 506 1053 1728 2212 2276 2315 2328 2334 1053 4658 8530 9626 10199 10379 10528
2461 71509835 8 8 8 8 8 8 8 41 41 41 41 41 41 41 194 199 207 207 207 207 207 829 897 978 983 999 999 1001 3171 3762 4322 4406 4515 4519 4533 8434 14284 18299 19320 20157 20290 20459 8434 37349 68235 79965 86901 88907 90462
8633 28328925 5 5 5 5 5 5 5 23 23 23 23 23 23 23 106 106 106 106 106 106 106 400 428 428 429 429 430 430 1470 1721 1765 1784 1791 1811 1811 3763 6274 7268 7616 7750 7951 7979 3763 16568 27281 31844 33502 34970 35344
5661 2845079 2 2 2 2 2 2 2 3 3 3 3 3 3 3 11 11 12 12 12 12 12 27 27 42 42 42 42 42 98 99 169 169 169 169 169 305 422 779 796 802 802 804 305 1036 2866 3263 3452 3505 3551
139 265749940 40 40 40 40 40 40 40 192 192 192 192 192 192 192 860 868 875 875 875 875 875 3483 3622 3726 3737 3739 3741 3741 13378 15507 16557 16784 16920 16971 16989 35413 58594 69499 73030 74717 75451 75657 35413 154177 260962 304629 323611 332104 335352
9519 13949293 1 1 1 1 1 1 1 7 7 7 7 7 7 7 27 35 35 35 35 35 35 128 189 197 197 199 199 199 451 785 850 859 884 888 888 1125 3036 3603 3776 3923 3978 3979 1125 7999 13550 15731 16885 17542 17622
279 222040721 27 27 27 27 30 30 30 130 134 134 134 147 147 147 640 668 669 669 727 727 727 2650 2861 2927 2935 3220 3220 3220 9911 11770 12521 12707 13977 13994 14048 26203 44525 52859 55782 62053 62447 62963 26203 117302 199099 232692 268932 274800 279113
3657 2129627 2 2 2 2 2 2 2 5 5 5 5 5 5 5 12 12 12 12 12 12 12 36 36 36 36 36 36 36 120 123 125 125 125 125 125 328 511 602 613 624 627 627 328 1283 2187 2422 2555 2621 2650
2437 11756327 4 4 4 4 4 4 4 18 18 18 18 18 18 18 45 45 45 45 45 45 45 172 172 172 173 173 173 173 636 724 736 755 756 756 756 1665 2709 2988 3229 3272 3281 3318 1665 7203 11254 13405 14152 14463 14814
4849 55637185 9 9 9 9 9 9 9 38 38 38 38 38 38 38 150 151 151 151 151 151 151 683 700 722 723 725 725 725 2591 3077 3236 3279 3319 3364 3364 6784 11897 14039 14748 15197 15586 15609 6784 31591 53345 61909 66514 69323 69828
2761 35084160 5 5 5 5 5 5 5 22 22 22 22 22 22 22 101 101 101 101 101 101 101 471 482 484 484 484 495 495 1805 2081 2183 2201 2205 2281 2282 4730 7669 8941 9368 9561 9987 10006 4730 20154 33785 38938 41321 43910 44294
6603 11472622 3 3 3 3 3 3 3 10 10 10 10 10 10 10 35 35 35 35 35 35 35 167 168 168 168 168 168 168 637 690 712 717 717 717 717 1641 2539 2895 3031 3121 3142 3156 1641 6722 10928 12870 13921 14212 14395
1189 14573635 7 7 7 7 7 7 7 15 15 15 15 15 15 15 64 64 64 64 64 64 64 240 246 247 247 247 247 247 898 969 990 995 995 995 995 2355 3590 3969 4174 4217 4235 4245 2355 9425 14664 17241 18031 18406 18534
5027 42425071 4 4 4 4 4 4 4 30 30 30 30 30 30 30 117 117 120 120 120 120 120 560 567 595 596 596 596 596 2142 2396 2596 2697 2704 2704 2704 5624 8726 10532 11478 11700 11783 11798 5624 23254 39973 48477 51330 52578 53040
1703 103163996 22 22 22 22 22 22 22 81 81 81 81 81 81 81 330 337 337 339 339 339 345 1258 1352 1380 1405 1410 1410 1445 4739 5674 6002 6191 6260 6291 6463 12524 21284 25033 26968 27730 28067 28945 12524 55966 94421 113290 121127 124592 129437
5881 52322914 7 7 7 7 7 7 7 37 37 37 37 37 37 37 157 157 157 157 157 157 157 680 714 729 731 731 731 731 2665 3075 3255 3335 3387 3387 3387 7028 11481 13324 14182 14713 14787 14815 7028 30153 50216 59521 64181 65486 65985
543 157978510 28 28 28 28 28 28 28 115 115 115 115 115 115 115 502 507 507 509 509 509 509 2104 2184 2199 2223 2226 2226 2226 8090 9224 9632 9827 9933 9959 9978 21289 34606 40239 42797 43827 44322 44614 21289 91158 151251 178209 189881 195278 198145
1519 10934631 4 4 4 4 4 4 4 11 11 11 11 11 11 11 40 40 40 40 40 40 40 138 140 140 140 140 140 140 525 613 665 667 667 668 668 1417 2367 2850 2969 3012 3037 3037 1417 6333 10834 12596 13308 13685 13737
2913 23306629 2 2 2 2 2 2 2 14 14 14 14 14 14 14 45 45 52 52 52 52 52 210 225 298 298 298 298 298 853 1003 1363 1388 1394 1401 1401 2283 3911 5952 6308 6449 6557 6575 2283 10279 22667 26437 28099 29016 29294
8313 21026723 3 3 3 3 3 3 3 14 14 14 14 14 14 14 67 67 67 67 67 67 67 293 295 307 309 309 312 312 996 1094 1215 1266 1272 1289 1289 2654 4212 5185 5624 5792 5896 5898 2654 11170 19513 23595 25148 25992 26173
7243 76017085 11 11 11 11 11 11 11 43 43 43 43 43 43 43 214 215 215 216 216 216 216 925 996 1001 1025 1025 1025 1025 3634 4408 4598 4756 4769 4776 4791 9601 16381 19043 20490 20892 21062 21135 9601 43371 72577 86611 91664 93887 94797
6733 1538748 2 2 2 2 2 2 2 4 4 4 4 4 4 4 6 6 6 6 6 6 6 14 18 18 18 18 18 18 53 82 90 91 91 91 91 153 369 432 459 467 467 467 153 941 1496 1811 1957 1976 1983
4587 55059500 8 8 8 8 8 8 8 29 29 29 29 29 29 29 141 141 162 162 162 162 162 598 611 703 705 710 710 710 2322 2658 3199 3266 3323 3328 3334 6198 10394 13865 14678 15235 15392 15481 6198 27284 52491 61846 66756 68553 69428
9649 27268857 4 4 4 4 4 4 4 20 20 20 20 20 20 20 66 66 66 66 66 66 66 318 330 350 350 350 350 350 1284 1411 1614 1636 1662 1662 1669 3449 5222 6814 7201 7482 7559 7620 3449 13737 25837 30340 32886 33755 34173
6439 353461056 47 47 47 47 47 47 47 226 226 227 230 230 230 230 1048 1068 1088 1107 1107 1107 1107 4467 4758 4888 4999 5007 5013 5018 16863 19991 21354 22093 22254 22321 22373 44656 75610 89613 96533 98555 99555 100072 44656 199223 338104 403011 427937 439635 445019
3569 9938294 3 3 3 3 3 3 3 8 8 8 8 8 8 8 30 30 30 30 30 30 30 150 159 162 162 162 162 162 535 611 652 662 662 662 662 1368 2232 2594 2743 2768 2778 2779 1368 5873 9772 11516 12087 12302 12361
3171 17563840 5 5 5 5 5 5 5 19 19 19 19 19 19 19 61 64 64 64 64 64 64 249 284 284 294 295 295 295 859 1064 1098 1139 1155 1155 1159 2222 3905 4405 4748 4907 4931 4953 2222 10090 16224 19645 21064 21561 21846
9447 6412735 1 1 1 1 1 1 1 3 3 3 3 3 3 3 25 25 25 25 25 25 25 93 103 103 103 103 103 103 303 414 419 421 421 422 422 767 1560 1738 1814 1843 1858 1862 767 4045 6449 7354 7789 8016 8101
4693 4691932 2 2 2 2 2 2 2 5 5 5 5 5 5 5 16 16 16 17 17 17 17 56 61 61 69 69 69 69 158 184 192 257 257 257 258 392 759 904 1270 1280 1286 1293 392 2001 3382 5301 5613 5746 5824
8479 32884723 7 7 7 7 7 7 7 37 37 37 37 37 37 37 112 113 113 113 113 113 113 436 460 461 463 463 467 467 1630 1907 1976 2023 2025 2048 2048 4266 7192 8233 8824 8970 9214 9236 4266 18851 30942 37152 39218 41057 41433
4947 14088120 1 1 1 1 1 1 1 5 5 5 7 7 7 7 25 25 27 40 40 40 40 138 138 157 227 227 227 227 467 501 604 928 931 931 931 1211 1867 2540 3945 4032 4054 4062 1211 4892 9343 16196 17183 17506 17699
1627 9041828 3 3 3 3 3 3 3 9 9 9 9 9 9 9 27 27 27 27 27 27 27 112 112 116 116 116 116 116 431 461 504 507 513 513 513 1168 1819 2237 2355 2455 2460 2476 1168 4857 8375 9826 10760 10949 11152
8609 9716893 1 1 1 1 1 1 1 8 8 8 8 8 8 8 44 44 44 44 44 44 44 144 144 144 144 144 144 144 544 604 618 621 621 621 621 1420 2141 2463 2622 2674 2716 2719 1420 5552 9220 10743 11367 11836 11922
2903 44080225 9 9 9 9 9 9 9 27 27 27 27 27 27 27 134 145 145 145 145 145 145 544 601 621 624 624 624 627 2027 2475 2686 2758 2765 2776 2791 5252 9316 11218 12024 12264 12406 12499 5252 24480 42246 49896 53096 54642 55419
9437 4558740 1 1 1 1 1 1 1 4 4 4 4 4 4 4 15 15 15 15 15 15 15 59 60 60 60 65 65 65 199 221 225 228 266 266 268 565 837 977 999 1173 1206 1226 565 2239 3797 4317 5307 5535 5659
557 233362278 28 28 28 28 28 28 28 161 161 161 161 161 161 161 727 732 736 736 736 736 736 3048 3164 3216 3249 3254 3260 3261 11340 13072 13819 14258 14370 14441 14467 30057 49806 58129 62647 64381 65146 65489 30057 131335 219133 262242 280306 288336 291958
8629 8926928 2 2 2 2 2 2 2 7 7 7 7 7 7 7 26 26 26 26 26 26 26 135 139 139 139 143 143 143 488 570 573 591 603 603 603 1234 2111 2348 2492 2560 2575 2575 1234 5523 8912 10436 11101 11342 11357
1359 34156698 5 5 5 5 5 5 5 21 21 21 21 21 21 21 89 95 95 96 96 96 96 403 437 444 471 471 471 471 1500 1832 1914 2068 2080 2080 2084 3935 6868 8217 9291 9440 9487 9549 3935 18007 30994 38826 40994 41874 42439
1551 117359781 15 15 15 15 15 15 15 74 74 74 74 74 74 74 370 374 375 375 375 375 375 1591 1651 1689 1694 1694 1694 1694 5926 6769 7249 7453 7482 7497 7497 15569 25491 30349 32551 33284 33579 33676 15569 66679 112689 134125 142421 146158 147648
9099 3639356 2 2 2 2 2 2 2 5 5 5 5 5 5 5 11 11 11 11 11 11 11 33 36 36 36 36 36 36 122 175 186 209 212 212 212 335 707 835 1023 1041 1042 1042 335 1870 3106 4203 4444 4494 4524
2863 5862566 3 3 3 3 3 3 3 5 5 5 5 5 5 5 16 16 17 17 17 17 17 45 45 60 60 60 60 60 154 179 304 306 307 311 311 388 665 1427 1495 1533 1578 1583 388 1745 5597 6522 6986 7358 7396
5069 53465292 11 11 11 11 11 11 11 46 46 46 46 46 46 46 167 167 167 167 167 167 167 709 727 738 740 740 740 740 2609 2977 3179 3225 3235 3249 3249 6893 11373 13602 14419 14687 14879 14930 6893 29997 51683 60721 64158 65861 66614
6869 22380880 10 10 10 10 10 10 10 23 23 23 23 23 23 23 84 84 84 84 84 84 84 332 338 342 343 343 343 343 1128 1266 1351 1366 1375 1376 1376 2957 4810 5787 6072 6207 6239 6262 2957 12666 21745 25352 26930 27586 27885
9401 139699121 17 17 17 17 17 17 17 89 89 89 89 89 89 89 443 446 447 447 447 447 447 1917 1986 2023 2054 2067 2067 2067 7077 8144 8577 8837 8983 9008 9009 18665 30629 35478 38043 39323 39623 39700 18665 80985 133417 158495 170769 174835 176350
5451 4294243 1 1 1 1 1 1 1 5 5 5 5 5 5 5 21 21 21 21 21 21 21 85 85 85 87 87 87 87 264 281 288 301 301 301 301 690 1027 1124 1196 1199 1227 1227 690 2720 4245 4967 5150 5363 5380
7933 36914658 4 4 4 4 4 4 4 15 15 15 15 15 15 15 106 107 107 107 107 107 107 466 499 510 517 517 517 520 1738 2054 2186 2272 2285 2287 2302 4643 7813 9282 10052 10329 10391 10511 4643 20575 34801 42094 45057 46007 46751
1883 27880367 3 3 3 3 3 3 3 19 19 19 19 19 19 19 73 73 75 75 75 75 75 347 349 375 375 376 379 379 1379 1509 1686 1702 1715 1725 1725 3708 5621 7027 7396 7569 7682 7711 3708 14795 26274 30930 32902 34067 34425
9111 21466134 3 3 3 3 3 3 3 18 18 18 18 18 18 18 91 91 91 91 91 91 91 327 338 338 338 338 341 341 1132 1317 1346 1361 1364 1383 1383 2946 4854 5559 5862 5970 6098 6104 2946 12850 21067 24561 25911 26883 27066
7853 43598024 8 8 8 8 8 8 8 32 32 32 32 32 32 32 141 142 142 142 142 142 142 549 579 595 596 596 596 596 2241 2593 2749 2795 2807 2814 2815 5882 9537 11294 11928 12218 12327 12388 5882 24884 42494 49460 52770 54010 54711
4327 29061365 5 5 5 5 5 5 5 16 16 16 16 16 16 16 78 79 82 82 82 82 82 363 385 403 403 403 403 403 1253 1549 1717 1744 1768 1781 1781 3327 6115 7369 7768 8019 8159 8182 3327 16355 27760 32260 34688 35944 36343
4311 7545522 1 1 1 1 1 1 1 4 4 4 4 4 4 4 17 18 18 18 18 18 18 100 115 115 115 115 115 115 364 462 477 477 478 478 478 918 1684 1902 2018 2083 2104 2106 918 4498 7312 8605 9200 9432 9484
2207 9094944 3 3 3 3 3 3 3 9 9 9 9 9 9 9 32 32 32 32 32 32 32 148 150 150 150 150 150 150 528 585 595 597 598 600 600 1420 2171 2413 2486 2529 2568 2581 1420 5683 8909 10142 10752 11151 11296
1267 302858133 45 45 45 45 45 45 45 222 222 222 222 222 222 222 980 986 991 994 994 994 994 3992 4132 4221 4270 4281 4283 4285 14788 16898 18098 18654 18853 18938 18968 38856 63855 76150 81555 83837 84838 85280 38856 168142 286356 340856 364608 375311 380225
7531 10607843 4 4 4 4 4 4 4 14 14 14 14 14 14 14 43 43 43 43 43 43 43 174 174 174 174 174 174 174 617 671 676 688 689 701 703 1588 2375 2633 2761 2821 2954 2975 1588 6310 10098 11781 12510 13241 13411
4811 116929210 10 10 10 10 10 10 10 58 58 58 58 58 58 58 320 323 333 333 333 333 333 1327 1372 1457 1478 1486 1486 1486 5480 6203 6793 7008 7108 7124 7140 14589 23525 28570 30802 31903 32242 32418 14589 62243 108954 130571 140540 144760 146617
8149 18283102 3 3 3 3 3 3 3 20 20 20 20 20 20 20 64 64 64 64 64 64 64 245 245 249 249 250 250 250 961 1062 1138 1151 1161 1162 1162 2567 3940 4761 4960 5048 5086 5115 2567 10290 17959 20866 22057 22615 22948
4297 60013004 16 16 16 16 16 16 16 45 45 45 45 45 45 45 195 195 195 195 195 195 195 815 830 845 847 856 856 856 3064 3414 3582 3669 3751 3754 3758 8077 12965 14941 15828 16586 16714 16791 8077 34335 56476 66188 72382 74267 75214
6009 2691945 2 2 2 2 2 2 2 5 5 5 5 5 5 5 13 13 13 13 13 13 13 38 41 41 41 41 41 41 129 162 162 180 180 180 180 306 577 653 760 767 771 771 306 1452 2478 3242 3389 3460 3465
1309 21466718 5 5 5 5 5 5 5 15 15 15 15 15 15 15 52 57 57 57 57 57 57 263 289 289 289 289 289 289 975 1195 1246 1250 1263 1278 1279 2647 4577 5253 5483 5666 5787 5811 2647 12177 20301 23608 25314 26330 26595
4987 6158205 1 1 1 1 1 1 1 5 5 5 5 5 5 5 11 12 12 12 12 12 12 51 79 79 79 81 81 81 173 353 367 368 383 384 384 493 1377 1623 1660 1745 1765 1765 493 3656 6121 6780 7450 7706 7724
2857 22149108 3 3 3 3 3 3 3 19 19 19 19 19 19 19 71 71 71 71 71 71 71 309 332 337 337 338 338 338 1107 1337 1395 1410 1424 1424 1424 2891 4954 5774 6067 6206 6232 6255 2891 13178 21887 25269 26929 27499 27846
5933 127778513 15 15 15 15 15 15 15 84 84 84 84 84 84 84 374 376 376 376 376 376 376 1644 1683 1734 1738 1750 1750 1750 6350 7138 7734 7857 7975 7990 7991 16788 27093 32631 34555 35629 35864 35949 16788 71475 122356 144209 154776 158438 159913
4953 44066217 11 11 11 11 11 11 11 31 31 31 31 31 31 31 149 150 150 150 150 150 150 591 633 637 653 653 653 653 2228 2631 2769 2898 2916 2918 2928 5859 9661 11246 12212 12429 12491 12575 5859 25209 42234 50879 53771 54871 55639
2023 2091767 2 2 2 2 2 2 2 4 4 4 4 4 4 4 7 7 7 7 7 7 7 15 16 16 16 29 29 29 45 60 62 62 115 115 116 140 247 311 333 572 575 583 140 649 1118 1285 2435 2504 2587
1091 53634347 10 10 10 10 10 10 10 38 38 38 38 38 38 38 168 169 170 170 170 170 170 722 750 777 779 780 780 780 2642 3124 3410 3448 3464 3480 3480 6976 11813 14058 14803 15079 15309 15329 6976 31129 53006 61790 65251 67243 67704
2841 420933361 65 65 65 65 65 65 65 260 260 260 260 260 260 260 1166 1180 1190 1191 1207 1207 1260 5032 5365 5464 5492 5563 5567 5851 19132 22764 23973 24514 25014 25152 26649 50646 85751 99634 105989 109907 111512 118908 50646 226142 375368 442970 477610 492869 529770
7457 60798642 5 7 7 7 7 7 7 28 46 46 46 46 46 46 102 206 206 207 207 207 207 443 876 879 927 928 928 931 1645 3502 3650 3906 3935 3935 3962 4304 13030 15116 16883 17216 17296 17419 4304 34117 56946 70305 74238 75674 76708
981 15854789 7 7 7 7 7 7 7 16 16 16 16 16 16 16 56 56 56 56 56 56 56 239 246 246 246 246 246 246 897 1013 1039 1041 1041 1041 1041 2355 3812 4367 4503 4541 4578 4580 2355 10006 16339 18496 19459 19963 20105
2067 93194722 18 18 18 18 18 18 18 74 74 74 74 74 74 74 285 290 290 290 291 291 291 1161 1249 1283 1291 1320 1320 1320 4346 5156 5539 5701 5901 5907 5918 11413 19427 23403 24938 26223 26399 26560 11413 50897 87239 102559 112493 115216 116847
5541 24420705 3 3 3 3 3 3 3 14 14 14 14 14 14 14 52 54 54 54 54 54 54 257 296 315 322 322 322 339 965 1212 1366 1403 1418 1418 1518 2551 4519 5809 6166 6345 6378 6803 2551 11917 21650 25624 27581 28260 30445
7167 1748248 2 2 2 2 2 2 2 4 4 4 4 4 4 4 7 7 7 7 7 7 7 23 26 26 26 26 26 26 74 100 100 100 108 108 108 225 388 427 442 476 495 495 225 989 1563 1797 1980 2162 2170
4537 16157917 3 3 3 3 3 3 3 14 14 14 14 14 14 14 62 62 64 64 64 64 64 208 210 263 263 263 263 263 723 787 1045 1058 1067 1068 1068 1790 2772 4140 4339 4470 4499 4504 1790 7202 15318 18085 19308 19799 20003
1587 536785479 66 66 66 66 66 66 66 378 380 381 381 381 381 381 1547 1580 1619 1619 1621 1621 1621 6728 7168 7473 7496 7536 7540 7544 25589 30271 32831 33352 33740 33844 33911 67376 113867 136791 144615 148751 150385 151152 67376 300143 516303 605377 647932 665642 674270
3473 40290919 3 3 3 3 3 3 3 27 27 27 27 27 27 27 127 127 127 127 127 127 127 550 551 565 566 566 566 566 2029 2249 2446 2496 2496 2496 2503 5352 8504 10346 11097 11222 11326 11400 5352 22428 39127 46308 48794 49968 50607
9253 16794616 5 5 5 5 5 5 5 16 16 16 16 16 16 16 59 59 59 59 59 59 59 263 263 263 263 264 264 264 972 1068 1096 1105 1117 1119 1119 2432 3843 4412 4558 4695 4732 4733 2432 10138 16899 19315 20571 20977 21097
8101 91148430 10 10 10 10 10 10 10 45 45 45 45 45 45 45 244 245 245 245 245 245 245 1096 1169 1184 1195 1196 1196 1198 4292 5032 5292 5432 5477 5507 5536 11305 19289 22571 24332 24941 25290 25531 11305 51113 84725 100878 107651 111257 113092
113 42566899 13 13 13 13 13 13 13 42 42 43 43 43 43 43 123 123 135 135 135 135 135 509 544 607 607 607 607 607 1956 2293 2716 2735 2738 2740 2753 5081 8496 11120 11594 11840 11918 12061 5081 22311 41644 48434 51436 52560 53718
9653 2321121 1 1 1 1 1 1 1 3 3 3 3 3 3 3 9 9 9 9 9 9 9 29 29 29 29 29 29 29 97 103 118 118 118 118 118 244 450 597 628 634 636 636 244 1291 2358 2718 2847 2875 2890
759 267202749 32 32 32 32 32 32 32 177 177 177 177 177 183 183 754 776 780 780 780 806 812 3232 3384 3461 3476 3506 3646 3701 12162 14252 15073 15341 15591 16316 16584 32265 54547 63872 67771 69993 73640 75120 32265 143814 239467 282201 303216 324831 333856
8623 25887296 7 7 7 7 7 7 7 20 20 20 20 20 20 20 90 90 90 91 91 91 91 344 348 352 360 362 364 364 1304 1450 1502 1581 1613 1622 1622 3395 5609 6365 6970 7250 7331 7339 3395 14865 23960 29135 31414 32384 32630
7103 58022996 4 4 4 4 4 4 4 29 31 31 31 31 31 31 131 149 150 150 150 150 150 661 767 781 794 794 794 794 2508 3291 3458 3595 3605 3611 3616 6727 12445 14450 15789 16086 16266 16341 6727 32763 54286 66092 70204 72112 73077
8879 16149941 3 3 3 3 3 3 3 13 13 13 13 13 13 13 60 60 60 60 60 60 60 237 239 239 239 239 241 241 881 969 984 991 999 1006 1006 2250 3650 4230 4400 4485 4530 4543 2250 9730 15800 18406 19439 19965 20175
7517 52582493 10 10 10 10 10 10 10 48 48 48 48 48 48 48 166 166 166 166 166 168 168 718 728 733 735 735 758 758 2632 2958 3066 3116 3140 3267 3267 6891 11056 12876 13570 13946 14629 14681 6891 28988 48390 56760 61092 65140 65942
5379 18651032 4 4 4 4 4 4 4 13 13 13 13 13 13 13 71 71 71 71 71 71 71 262 266 271 271 271 271 271 994 1096 1142 1182 1188 1193 1193 2624 4124 4736 5079 5173 5205 5219 2624 10873 18024 21290 22698 23202 23440
3059 25603077 6 6 6 6 6 6 6 24 24 24 24 24 24 24 82 83 83 83 83 83 83 339 376 382 382 382 382 382 1145 1428 1526 1546 1571 1574 1574 3076 5537 6639 7007 7217 7275 7300 3076 14402 24892 28934 31121 31874 32232
2257 160569713 28 28 28 28 28 28 28 131 134 134 134 134 134 134 486 512 518 518 518 518 518 2001 2190 2267 2275 2282 2287 2287 7472 9027 9792 9975 10066 10101 10110 19763 33702 40958 43247 44516 44940 45137 19763 88647 154665 181689 194424 199141 201589
5389 484304 1 1 1 1 1 1 1 2 2 2 2 2 2 2 6 6 6 6 6 6 6 11 11 11 11 11 11 11 32 42 42 42 42 42 42 70 124 150 151 154 154 154 70 312 557 622 647 657 657
9849 4419716 2 2 2 2 2 2 2 5 5 5 5 5 5 5 15 15 15 15 15 15 15 66 66 66 66 66 66 66 251 268 288 288 293 293 293 669 961 1148 1190 1225 1236 1237 669 2576 4325 4837 5220 5357 5398
2497 25504005 7 7 7 7 7 7 7 18 18 18 18 18 18 18 81 81 87 87 87 87 87 303 309 337 339 342 342 342 1161 1346 1516 1589 1628 1630 1630 3036 4959 6409 6953 7264 7313 7319 3036 12839 23840 28693 31173 31887 32094
7477 22691779 3 3 3 3 3 3 3 13 13 13 13 13 13 13 67 67 69 69 69 69 69 279 307 334 334 334 334 334 1058 1268 1438 1443 1470 1474 1474 2661 4660 5958 6169 6445 6496 6511 2661 12149 22409 25547 27835 28474 28712
437 104448838 11 11 11 11 11 11 11 51 51 52 52 52 52 52 258 268 289 289 289 289 289 1183 1310 1427 1450 1452 1452 1452 4494 5516 6244 6450 6494 6502 6519 11900 20667 26196 28097 28769 29038 29248 11900 54787 99625 118538 126325 129858 131710
1623 73278299 11 11 11 11 11 11 11 57 57 57 57 57 57 57 259 259 259 259 259 259 259 1035 1049 1053 1061 1064 1064 1064 3904 4391 4545 4613 4683 4704 4704 10258 16381 18642 19595 20262 20524 20582 10258 43046 69956 81560 87843 90429 91292
2311 6403474 2 2 2 2 2 2 2 11 11 11 11 11 11 11 32 32 32 32 32 32 32 95 95 95 95 95 95 95 367 377 405 413 414 414 418 965 1348 1630 1704 1742 1745 1767 965 3500 6168 7130 7645 7779 8002
4877 24627203 3 3 3 3 3 3 3 21 21 21 21 21 21 21 76 81 81 81 81 81 81 303 338 338 341 341 341 341 1159 1419 1488 1511 1523 1527 1527 3065 5397 6241 6551 6735 6821 6842 3065 14365 23586 27515 29486 30310 30670
2963 13218613 2 2 2 2 2 2 2 6 6 6 6 6 6 6 28 28 29 29 29 29 29 138 155 173 173 173 173 173 549 708 823 828 830 830 830 1479 2724 3440 3584 3640 3668 3682 1479 7409 13437 15502 16152 16468 16625
8551 30066237 5 5 5 5 5 5 5 16 16 16 16 16 16 16 78 80 99 99 99 99 99 322 336 400 401 401 401 401 1170 1414 1774 1790 1792 1798 1805 3185 5583 7650 8010 8119 8203 8259 3185 14904 29258 34056 35941 36940 37459
2691 30376452 5 5 5 5 5 5 5 16 16 16 16 16 16 16 86 86 86 95 95 95 95 372 372 379 421 421 421 426 1398 1516 1589 1829 1834 1835 1903 3654 5634 6464 7980 8106 8165 8566 3654 14799 23971 32706 34474 35289 37403
1399 37788598 10 10 10 10 10 10 10 34 34 34 34 34 34 34 136 136 136 136 136 136 136 538 576 580 585 585 585 586 1896 2243 2344 2403 2435 2436 2441 4898 8224 9511 10205 10537 10584 10649 4898 21581 35990 42681 46157 46911 47577
6471 32459812 1 1 1 1 1 1 1 18 18 18 18 18 18 18 96 96 96 96 96 96 96 410 427 437 437 437 439 439 1470 1720 1878 1922 1932 1962 1966 3936 6575 8077 8637 8886 9027 9098 3936 17251 30347 36415 38974 40212 40768
5537 3839133 2 2 2 2 2 2 2 5 5 5 5 5 5 5 15 15 16 16 16 16 16 51 57 67 67 67 67 67 200 236 284 284 284 284 284 510 860 1130 1163 1173 1177 1177 510 2196 4077 4644 4822 4908 4909
6427 4522409 4 4 4 4 4 4 4 11 11 11 11 11 11 11 21 21 21 21 21 21 21 73 74 74 74 74 74 74 281 310 320 320 329 329 329 735 1073 1235 1257 1296 1303 1309 735 2873 4581 5192 5517 5630 5734
2883 15074787 3 3 3 3 3 3 3 13 13 13 13 13 13 13 46 46 46 46 46 46 46 202 204 205 205 205 205 205 756 895 934 956 980 981 983 2037 3366 3896 4092 4267 4297 4316 2037 9109 14788 16986 18437 18788 18940
6301 16571147 3 3 3 3 3 3 3 13 13 13 13 13 13 13 48 48 48 48 48 48 48 247 249 249 254 254 255 255 876 946 980 1028 1028 1053 1053 2406 3609 4064 4491 4543 4687 4698 2406 9347 15324 19153 20070 21040 21161
3091 65516975 12 12 12 12 12 12 12 40 40 40 40 40 40 40 193 198 198 198 198 198 198 815 880 885 890 893 893 893 3191 3738 3947 4017 4065 4079 4079 8467 14213 16706 17612 18109 18280 18319 8467 37714 63305 73954 79228 81379 82090
5303 22328901 3 3 3 3 3 3 3 23 23 23 23 23 23 23 84 84 84 84 84 84 84 327 337 337 342 342 342 342 1115 1337 1383 1413 1433 1433 1440 3022 5107 5802 6135 6264 6285 6386 3022 13285 21370 25031 26531 26995 27824
6421 41820681 4 4 4 4 4 4 4 20 20 20 20 20 20 20 104 109 110 110 110 110 110 452 508 529 531 540 540 540 1802 2325 2509 2539 2599 2610 2612 4753 8724 10449 11047 11512 11651 11683 4753 23208 39942 46910 50922 52161 52759
3499 78682610 10 10 10 10 10 10 10 47 47 47 47 47 47 47 215 215 220 222 222 222 222 915 952 999 1009 1009 1012 1012 3574 4134 4571 4706 4747 4812 4812 9493 15588 19424 20869 21447 21967 22000 9493 41222 73901 88024 94106 98066 98887
5113 31514137 3 3 3 3 3 3 3 14 14 14 14 14 14 14 65 65 68 68 68 68 76 315 355 366 369 369 369 437 1283 1571 1655 1711 1717 1719 2006 3449 5953 6896 7421 7566 7627 8989 3449 15643 25580 30770 32599 33364 39445
8413 2458306 1 1 1 1 1 1 1 5 5 5 5 5 5 5 12 12 12 12 12 12 12 35 35 35 35 35 35 35 163 173 173 173 173 173 173 396 609 635 676 692 701 701 396 1633 2329 2787 2989 3096 3105
2917 108955786 10 10 10 10 10 10 10 67 67 67 67 67 67 67 317 326 326 326 326 327 327 1360 1436 1450 1467 1471 1482 1485 5239 6238 6511 6716 6765 6824 6848 13792 23717 27397 29370 30048 30513 30695 13792 62340 103143 123076 131006 135233 136929
3273 160922012 20 20 20 20 20 20 20 114 114 114 114 114 114 114 526 529 529 530 530 532 532 2186 2264 2282 2306 2310 2346 2363 8155 9244 9733 9912 10011 10182 10268 21613 34753 40747 42853 44057 45137 45601 21613 91595 152721 178370 190818 198846 202227
5621 117204861 20 20 20 20 20 20 20 97 97 98 98 98 98 98 375 376 382 382 382 382 382 1478 1572 1608 1610 1618 1618 1618 5587 6702 7111 7257 7342 7361 7362 14855 25403 29819 31669 32559 32863 33005 14855 66755 111842 131809 141066 144641 146320
5441 38729071 6 6 6 6 6 6 6 27 27 27 27 27 27 27 104 104 104 104 104 104 104 490 518 527 527 527 527 527 1816 2152 2312 2340 2357 2361 2364 4751 8331 9995 10468 10684 10790 10860 4751 21808 37584 43832 46525 47765 48466
9407 5432618 2 2 2 2 2 2 2 5 5 5 5 5 5 5 16 16 16 16 16 16 16 77 80 80 80 80 80 80 266 342 365 365 365 365 365 705 1295 1509 1543 1559 1562 1562 705 3489 5643 6420 6782 6860 6931
7877 43328092 6 6 6 6 6 6 6 35 35 35 35 35 35 35 140 143 143 143 143 143 143 601 633 635 635 636 636 636 2252 2638 2739 2769 2791 2796 2801 5879 9662 11192 11752 12070 12171 12256 5879 25232 42017 48995 52511 53875 54654
637 26606396 5 5 5 5 5 5 5 21 21 21 21 21 21 21 92 92 92 92 92 92 92 408 412 412 412 412 412 412 1587 1699 1746 1751 1752 1753 1753 4096 6166 7040 7354 7439 7508 7518 4096 16097 26701 30986 32650 33477 33734
1299 22393525 5 5 5 5 5 5 5 16 16 16 16 16 16 16 78 82 82 82 82 82 82 290 320 343 343 344 344 344 1080 1323 1471 1479 1496 1500 1500 2795 4855 5886 6090 6272 6313 6338 2795 12764 22035 25093 27025 27708 28049
2111 27859821 3 3 3 3 3 3 3 16 16 16 16 16 16 16 83 83 83 83 83 83 83 391 407 409 411 411 411 411 1484 1664 1743 1782 1783 1791 1792 3990 6287 7308 7788 7930 8029 8090 3990 16698 27274 32075 33891 34852 35371
1731 43479991 9 9 9 9 9 9 9 30 30 30 30 30 30 30 118 118 118 118 118 118 118 553 556 567 567 571 572 572 2097 2366 2530 2586 2625 2642 2642 5630 9158 10818 11507 11852 12049 12062 5630 24266 41294 48946 52207 54023 54428
2269 4030340 5 5 5 5 5 5 5 10 10 10 10 10 10 10 26 26 26 26 26 26 26 76 78 78 78 78 78 78 245 282 286 287 287 287 287 637 1018 1124 1159 1170 1171 1171 637 2780 4173 4739 4973 5051 5066
9557 9284440 1 1 1 1 1 1 1 4 4 4 4 4 4 4 25 25 25 25 25 25 25 132 133 133 133 133 133 133 541 601 611 613 614 614 615 1369 2160 2424 2504 2557 2571 2588 1369 5653 9082 10416 11112 11316 11501
6577 53750704 3 3 3 3 3 3 3 46 46 46 46 46 46 46 168 168 168 168 168 168 168 748 758 769 774 774 774 774 2949 3267 3449 3512 3521 3522 3522 7862 12415 14293 15126 15345 15410 15441 7862 32400 53337 62565 65979 67400 68049
4033 4130676 1 1 1 1 1 1 1 4 4 4 4 4 4 4 15 15 15 15 15 15 15 70 70 70 70 70 70 70 269 290 296 296 297 297 297 719 1014 1124 1148 1164 1169 1169 719 2661 4204 4732 5046 5161 5195
9829 10138187 1 1 1 1 1 1 1 7 7 7 7 7 7 7 29 29 29 29 29 29 29 145 147 147 147 147 147 147 610 665 674 690 694 694 694 1600 2409 2658 2837 2885 2895 2900 1600 6146 9864 11811 12477 12717 12836
3921 24142256 7 7 7 7 7 7 7 24 24 24 24 24 24 24 73 73 73 73 73 73 73 306 342 342 342 342 342 342 1082 1384 1408 1443 1449 1449 1450 2896 5335 6039 6462 6570 6597 6661 2896 14197 23044 27386 29014 29741 30336
4183 15772450 2 2 2 2 2 2 2 9 9 9 9 9 9 9 40 40 40 40 40 40 40 179 185 185 190 190 190 190 740 870 920 954 955 955 957 1963 3217 3797 4124 4206 4245 4293 1963 8455 14402 17356 18404 18995 19322
5009 3686298 1 1 1 1 1 1 1 3 3 3 3 3 3 3 17 17 17 17 17 17 17 55 60 61 61 61 61 61 200 237 249 249 249 249 249 520 923 1065 1093 1093 1094 1095 520 2435 3902 4453 4582 4647 4687
2469 54781676 9 9 9 9 9 9 9 41 41 41 41 41 41 41 175 175 178 178 178 178 178 712 729 782 787 787 787 788 2807 3048 3420 3491 3527 3528 3545 7255 11040 13992 14863 15271 15390 15486 7255 29269 53000 61930 66450 68071 68849
3247 4871476 1 1 1 1 1 1 1 7 7 7 7 7 7 7 24 24 24 24 24 24 24 90 96 96 96 98 98 98 297 329 337 338 352 352 352 744 1163 1306 1342 1418 1419 1419 744 3074 4851 5484 6000 6129 6162
3049 78031798 9 9 9 9 9 9 9 48 48 48 48 48 48 48 238 238 238 238 239 239 239 1073 1112 1124 1129 1150 1151 1151 3876 4407 4647 4756 4898 4924 4928 10407 16800 19610 21011 21972 22196 22293 10407 44164 73371 87382 94786 97314 98405
2807 73927528 8 8 8 8 8 8 8 54 54 54 56 56 56 56 220 220 226 237 237 237 237 940 957 988 1046 1046 1046 1046 3503 3971 4249 4646 4656 4666 4666 9214 14806 17517 20023 20327 20463 20503 9214 39425 67127 85303 90107 92199 92994
5761 13524717 2 2 2 2 2 2 2 10 10 10 10 10 10 10 39 39 43 43 43 43 43 153 157 172 179 179 179 179 617 690 790 854 854 855 855 1615 2603 3323 3705 3755 3795 3803 1615 6803 12535 15525 16387 16881 17083
2739 14803486 6 6 6 6 6 6 6 15 15 15 15 15 15 15 53 56 56 56 56 56 56 192 228 231 231 231 231 231 694 913 958 974 974 974 974 1794 3422 3953 4146 4214 4243 4247 1794 8935 14636 16889 17937 18358 18515
6587 24884393 4 4 4 4 4 4 4 13 13 13 13 13 13 13 75 75 75 75 75 75 75 280 311 324 326 326 326 326 1120 1424 1542 1609 1609 1610 1611 2906 5177 6239 6817 6890 6921 6975 2906 13569 23443 28455 29936 30546 31002
5589 44475329 3 3 3 3 3 3 3 24 24 24 24 24 24 24 128 128 128 128 128 128 128 636 649 660 660 660 660 660 2336 2549 2709 2791 2800 2816 2816 6032 9390 11282 12158 12376 12541 12556 6032 24427 42356 50831 54005 55641 56003
6307 2581257 1 1 1 1 1 1 1 2 2 2 2 2 2 2 8 8 8 8 8 8 8 37 37 37 37 37 44 44 113 127 127 128 128 158 158 290 448 473 556 563 701 704 290 1176 1770 2348 2520 3229 3272
1881 11408791 3 3 3 3 3 3 3 10 10 10 10 10 10 10 42 42 42 42 42 42 42 173 178 178 178 178 178 178 647 715 747 771 773 773 773 1722 2615 3008 3220 3284 3305 3306 1722 7050 11616 13374 14200 14520 14598
9927 305008 1 1 1 1 1 1 1 2 2 2 2 2 2 2 4 4 4 4 4 4 4 9 9 9 9 9 9 9 21 23 23 23 23 23 23 49 83 91 92 92 92 92 49 199 313 360 367 367 368
2209 502604429 57 57 57 57 57 57 57 340 342 342 342 342 342 342 1525 1608 1610 1611 1611 1612 1612 6233 6876 6950 6987 7019 7036 7036 23572 29130 30449 31130 31516 31675 31693 61995 110068 127509 135530 139407 141012 141490 61995 289915 481158 566837 606371 623164 630110
4153 15786547 2 2 2 2 2 2 2 9 9 9 9 9 9 9 53 57 57 57 57 57 57 197 218 218 218 218 218 218 819 988 1011 1036 1040 1040 1041 2196 3561 4044 4315 4431 4468 4495 2196 9244 14984 17735 19011 19466 19776
1171 20690745 3 3 3 3 3 3 3 16 16 16 16 16 16 16 63 63 64 64 64 64 64 257 259 287 287 287 287 287 942 1051 1240 1250 1267 1269 1269 2469 3992 5301 5527 5709 5746 5749 2469 10605 19958 23098 24783 25384 25633
4783 117725475 12 12 12 12 12 12 12 92 92 92 92 92 92 92 375 376 382 386 386 386 386 1510 1590 1627 1650 1664 1665 1665 5811 6784 7158 7379 7501 7520 7537 15165 25470 29582 31606 32455 32814 33073 15165 66810 111059 132306 141459 145381 147624
873 234809212 33 33 33 33 33 33 33 164 164 166 166 166 166 166 747 761 774 774 774 774 774 2997 3203 3313 3345 3362 3363 3363 11296 13379 14367 14708 14891 14913 14932 29770 50207 60154 64112 65893 66405 66659 29770 132231 226222 267556 285752 292653 295813
1127 247923737 43 43 43 43 43 43 43 187 187 187 187 187 187 187 798 806 808 808 808 808 808 3180 3317 3411 3432 3442 3444 3447 11951 13874 14879 15236 15413 15492 15509 31342 52117 62391 66714 68648 69536 69745 31342 136701 234090 278822 298582 307528 310641
6201 43288800 6 6 6 6 6 6 6 38 38 38 38 38 38 38 128 128 128 131 131 131 131 545 557 564 587 587 587 587 2035 2292 2445 2653 2654 2656 2656 5473 8999 10668 11997 12154 12257 12311 5473 23559 39901 49923 52449 53689 54322
9243 26225634 7 7 7 7 7 7 7 29 29 29 29 29 29 29 99 99 99 99 99 99 99 388 400 411 416 416 416 416 1406 1579 1668 1706 1710 1710 1711 3789 5852 6832 7222 7338 7381 7413 3789 15270 25549 30228 31865 32557 32940
9931 3478217 1 1 1 1 1 1 1 4 4 4 4 4 4 4 8 8 8 8 8 8 8 34 44 44 44 44 44 44 135 198 198 198 198 199 199 355 829 902 961 976 1006 1006 355 2187 3334 3987 4273 4465 4487
4073 66765219 9 9 9 9 9 9 9 53 53 53 53 53 53 53 214 224 224 224 224 224 224 855 952 959 960 974 974 974 3047 3839 4011 4070 4152 4159 4172 8027 14501 16865 17868 18374 18517 18607 8027 38344 64240 75684 80768 82761 83719
6303 25891849 4 4 4 4 4 4 4 19 19 19 19 19 19 19 79 79 79 79 81 81 81 322 332 345 358 367 367 367 1227 1449 1568 1652 1700 1700 1702 3220 5313 6378 7045 7380 7402 7439 3220 13984 23860 29433 32070 32655 32985
7177 5823171 5 5 5 5 5 5 5 10 10 10 10 10 10 10 24 24 24 24 24 24 24 77 79 80 80 80 80 80 285 344 373 373 374 374 374 713 1252 1533 1567 1591 1596 1596 713 3252 5855 6680 7069 7232 7267
317 46106447 7 7 7 7 7 7 7 31 31 31 31 31 31 31 135 136 136 137 137 137 137 592 605 607 619 619 619 622 2354 2615 2715 2844 2864 2874 2882 6230 9737 11298 12471 12784 13000 13077 6230 25368 42262 51786 55206 57161 57861
5883 10908617 2 2 2 2 2 2 2 9 9 9 9 9 9 9 39 39 39 39 39 39 39 151 152 152 152 152 152 152 567 642 684 692 695 695 695 1486 2308 2797 2959 3037 3050 3057 1486 6120 10617 12427 13371 13609 13699
2369 114956596 15 15 15 15 15 15 15 73 73 73 73 73 73 73 356 361 361 361 361 361 361 1514 1595 1617 1628 1635 1635 1635 5684 6621 6987 7172 7278 7284 7288 15099 24868 29195 31291 32317 32467 32554 15099 65789 110300 131239 140930 144018 145280
4453 19505320 6 6 6 6 6 6 6 17 17 17 17 17 17 17 65 65 65 65 65 65 65 237 250 250 255 255 255 257 905 1074 1096 1150 1155 1155 1167 2350 4095 4705 5149 5261 5303 5369 2350 10706 18169 22018 23417 23989 24475
1039 110657313 18 18 18 18 18 18 18 74 74 74 74 74 74 74 344 346 346 346 352 352 352 1490 1566 1582 1585 1627 1627 1627 5439 6354 6658 6754 6970 6997 7007 14256 23857 27552 29114 30678 31031 31140 14256 62975 103479 121521 132987 136892 138298
8999 10325043 2 2 2 2 2 2 2 10 10 10 10 10 10 10 30 30 30 30 30 30 30 113 116 116 116 126 126 126 412 499 522 528 594 595 595 1102 1986 2358 2492 2894 2913 2917 1102 5215 8824 10313 12462 12685 12782
7619 5231679 2 2 2 2 2 2 2 10 10 10 10 10 10 10 22 22 22 22 22 22 22 91 91 91 91 91 91 91 356 368 374 379 379 379 379 935 1331 1508 1577 1591 1596 1598 935 3368 5315 6183 6472 6619 6675
167 31043268 6 6 6 6 6 6 6 19 19 19 19 19 19 19 104 106 107 107 107 107 107 400 420 437 437 437 438 438 1492 1703 1835 1854 1856 1875 1879 3914 6525 7884 8312 8498 8645 8682 3914 17253 29950 34796 37182 38487 38931
4817 13220567 3 3 3 3 3 3 3 9 9 9 9 9 9 9 25 32 32 32 32 32 32 116 177 178 178 178 178 178 443 794 816 823 828 832 832 1159 3028 3459 3577 3641 3679 3689 1159 8072 13178 15262 16064 16493 16718
4233 65297396 4 4 4 4 4 4 4 32 32 32 32 32 32 32 178 182 201 201 201 201 201 697 769 920 924 924 924 924 2743 3372 4106 4189 4199 4207 4212 7133 12775 17160 18222 18505 18628 18675 7133 33644 64508 76114 80385 82081 82770
311 421751550 64 64 64 64 64 64 64 269 271 271 274 274 274 274 1248 1260 1290 1304 1304 1304 1304 5379 5579 5840 5943 5962 5964 5965 20204 23285 25475 26444 26680 26779 26803 52900 86539 105017 113710 116787 118114 118621 52900 227401 395086 475868 508188 521770 527886
121 398545174 66 67 67 67 67 67 67 258 274 274 276 276 276 276 1121 1189 1197 1222 1233 1233 1234 4714 5231 5397 5543 5625 5638 5664 17574 21823 23403 24453 25005 25193 25381 45986 81447 96738 105201 109429 111232 112391 45986 214983 364073 439697 475607 491853 500401
8807 8637673 2 2 2 2 2 2 2 9 9 9 9 9 9 9 42 42 42 42 42 42 42 126 127 127 127 128 128 128 449 507 534 542 548 553 553 1157 1886 2201 2305 2358 2410 2423 1157 5081 8417 9822 10436 10865 11014
#resid 0 0 0 0 0
