# q=5 mode=iid roots=300 cp_lo=4 cp_hi=10 buf_lo=9 buf_hi=15 seed=2026
# root nvisited then n_cp*n_buf cumulative counts N(val<=cp[ci], pmax<=buf[bi]) row-major ci,bi
1077 15313876 7 7 7 7 7 7 7 14 14 14 14 14 14 14 54 54 55 55 55 55 55 191 202 224 224 224 224 224 686 788 954 975 981 981 981 1843 2932 3884 4153 4232 4238 4253 1843 7689 14840 17669 18775 19051 19221
1699 64102158 7 7 7 7 7 7 7 35 35 35 35 35 35 35 176 176 176 176 176 176 176 830 838 865 873 873 873 873 3139 3457 3828 3900 3909 3915 3921 8343 13189 16354 17256 17627 17809 17857 8343 35058 62060 72594 77388 79631 80372
303 18291895 4 4 4 4 4 4 4 14 14 14 14 14 14 14 58 58 58 58 58 58 58 254 259 261 261 261 261 261 981 1068 1127 1139 1141 1141 1143 2599 4049 4759 5007 5103 5129 5152 2599 10681 18003 21140 22353 22710 22974
9511 15202579 3 3 3 3 3 3 3 19 19 19 19 19 19 19 55 55 55 55 55 55 55 201 204 204 206 206 206 206 787 909 936 971 972 976 976 2030 3447 3885 4281 4337 4383 4414 2030 9145 14319 17528 18511 18931 19283
2921 182190518 26 26 26 26 26 26 26 132 132 132 132 132 132 132 638 638 638 638 640 640 640 2510 2552 2569 2586 2615 2617 2617 9403 10465 10982 11240 11468 11522 11528 24461 39433 45994 48935 50698 51280 51455 24461 104046 173269 204820 220491 226749 229221
9989 229991 2 2 2 2 2 2 2 3 3 3 3 3 3 3 3 3 3 3 3 3 3 7 7 7 7 7 7 7 15 15 15 15 15 15 15 31 40 69 69 69 69 70 31 78 245 282 282 282 293
9469 50799848 11 11 11 11 11 11 11 44 44 44 44 44 44 44 174 174 174 174 174 174 174 677 705 712 712 712 712 712 2491 2927 3067 3092 3095 3105 3105 6543 10983 12969 13615 13821 14020 14038 6543 29097 49208 57622 60826 62981 63451
881 16016610 9 9 9 9 9 9 9 26 26 26 26 26 26 26 61 63 63 63 63 63 63 213 235 235 235 235 235 235 801 972 1006 1021 1021 1022 1027 2140 3661 4190 4401 4448 4538 4562 2140 9639 15803 18183 19061 19829 20119
3817 2545975 3 3 3 3 3 3 3 5 5 5 5 5 5 5 10 10 10 10 10 10 10 39 39 39 39 39 39 39 144 176 177 181 181 181 181 331 618 671 692 712 712 712 331 1719 2618 2932 3176 3216 3241
6823 32468755 7 7 7 7 7 7 7 26 26 26 26 26 26 26 109 114 114 114 114 114 114 426 470 480 480 482 482 482 1506 1942 2097 2120 2133 2134 2134 3956 7229 8650 9140 9323 9363 9401 3956 18858 32297 37855 39973 40742 41147
5489 1940066 1 1 1 1 1 1 1 3 3 3 3 3 3 3 15 15 15 15 15 15 15 45 45 45 45 45 45 45 145 147 151 152 152 152 152 325 434 491 528 539 542 542 325 1152 1824 2190 2355 2409 2412
4229 4174649 1 1 1 1 1 1 1 5 5 5 5 5 5 5 19 19 19 19 19 19 19 76 79 79 79 79 79 79 253 280 287 287 287 287 287 646 1021 1171 1203 1214 1218 1219 646 2713 4523 5126 5316 5391 5419
9383 121387432 15 15 15 15 15 15 15 85 85 85 85 85 85 85 373 376 376 376 376 376 376 1699 1759 1775 1775 1779 1781 1781 6267 7239 7582 7682 7735 7790 7800 16495 27284 31494 33113 33777 34262 34482 16495 71923 118352 138170 146213 151017 153206
1931 3344730 2 2 2 2 2 2 2 5 5 5 5 5 5 5 15 15 15 15 15 15 15 45 45 45 45 45 45 45 209 216 217 217 217 217 217 588 814 887 915 934 938 945 588 2140 3261 3744 4021 4128 4174
4409 12364837 7 7 7 7 7 7 7 25 25 25 25 25 25 25 65 65 65 65 65 65 65 210 217 217 217 217 217 217 707 772 791 797 797 808 808 1882 2843 3184 3358 3456 3514 3533 1882 7466 11782 13826 14869 15319 15505
3647 2493659 2 2 2 2 2 2 2 3 3 3 3 3 3 3 9 9 9 9 9 9 9 49 51 51 51 51 51 51 157 175 176 179 179 179 179 372 601 646 707 712 714 714 372 1559 2269 2920 3030 3099 3132
9637 22357662 2 2 2 2 2 2 2 5 5 5 5 5 5 5 49 49 49 49 49 49 49 239 254 256 256 262 264 264 974 1161 1220 1227 1281 1330 1331 2605 4429 5172 5409 5834 6158 6177 2605 11725 19598 22686 25489 27373 27694
9697 4321587 1 1 1 1 1 1 1 4 4 4 4 4 4 4 15 16 16 16 16 16 16 45 53 53 53 53 53 53 177 245 253 266 266 266 266 469 915 1076 1208 1229 1229 1229 469 2344 3930 4931 5233 5353 5367
8649 169218383 10 10 10 10 10 10 10 98 98 98 98 98 98 98 484 484 484 484 488 488 489 2105 2188 2199 2218 2270 2270 2318 7841 9138 9622 9866 10210 10215 10533 20569 34099 39952 42770 45210 45449 47099 20569 90256 151535 180403 198371 202610 211912
2967 433373307 65 65 65 65 65 65 65 347 347 347 347 347 347 347 1357 1375 1394 1396 1397 1397 1397 5471 5721 5977 6027 6033 6050 6050 20425 23871 26011 26686 26894 27154 27185 53384 90281 108563 115897 118634 120902 121374 53384 238014 409529 485941 517106 536002 541985
1657 125671442 11 11 11 11 11 11 11 73 74 74 74 74 74 74 373 385 388 388 388 388 388 1650 1731 1765 1775 1780 1782 1782 6225 7287 7770 7934 7983 8009 8014 16468 27204 32334 34266 35017 35392 35504 16468 71445 122287 143533 152275 156644 158144
4433 18033845 7 7 7 7 7 7 7 20 20 20 20 20 20 20 63 63 63 63 63 63 63 245 248 254 254 254 254 254 912 1007 1136 1158 1161 1180 1180 2374 3632 4524 4829 4929 5030 5046 2374 9630 17014 20268 21648 22351 22608
7777 36009111 2 2 2 2 2 2 2 18 18 18 18 18 18 18 104 105 105 105 105 105 105 467 489 501 504 505 505 505 1838 2121 2264 2302 2312 2316 2316 4809 7835 9188 9727 9980 10047 10101 4809 20461 34283 40623 43401 44412 45036
943 22027857 7 7 7 7 7 7 7 19 19 19 19 19 19 19 69 69 70 70 70 70 70 311 314 324 324 324 324 324 1224 1310 1417 1424 1424 1427 1427 3234 4875 5892 6078 6147 6194 6209 3234 13171 22736 25882 27088 27766 28025
6521 49814529 10 10 10 10 10 10 10 33 33 33 33 33 33 33 163 163 167 167 167 167 167 679 707 743 744 744 744 744 2523 2911 3183 3220 3231 3233 3233 6510 10774 12971 13663 13954 14010 14030 6510 28413 48604 56678 60222 61519 62003
2081 8673517 2 2 2 2 2 2 2 8 8 8 8 8 8 8 36 36 36 36 36 36 36 128 133 133 133 133 133 133 500 539 547 550 556 568 568 1296 1937 2154 2271 2342 2401 2402 1296 5070 8265 9679 10446 10916 10971
9753 10151902 1 1 1 1 1 1 1 9 9 9 9 9 9 9 38 38 38 38 38 38 38 144 153 153 153 153 153 153 553 621 652 656 660 660 661 1420 2330 2691 2816 2874 2884 2899 1420 6041 9986 11546 12210 12539 12713
1069 2507788 2 2 2 2 2 2 2 5 5 5 5 5 5 5 12 12 12 12 12 12 12 35 39 40 40 40 40 40 96 147 165 165 165 165 165 256 553 676 704 713 713 715 256 1487 2582 2965 3177 3212 3231
653 211324576 23 23 23 23 23 23 23 137 142 142 142 142 142 142 655 676 676 679 679 679 679 2679 2844 2883 2941 2951 2951 2951 9979 11890 12606 13067 13280 13308 13308 25876 44062 52667 56790 58813 59345 59489 25876 115782 198838 237417 255521 262621 265106
1573 68522995 4 4 4 4 4 4 4 31 32 32 32 32 32 32 186 206 206 206 206 206 206 792 920 932 937 937 937 937 3055 3918 4157 4268 4284 4285 4287 7947 14745 17474 18785 19046 19174 19263 7947 38763 66146 79333 83409 85163 86269
7977 62469287 5 5 5 5 5 5 5 23 29 29 29 29 29 29 94 154 159 159 159 159 159 514 818 862 864 864 866 866 2043 3603 3933 4017 4019 4040 4040 5514 13746 16517 17447 17663 17896 17908 5514 36221 61962 72348 76009 78372 78861
4823 62133548 6 6 6 6 6 6 6 34 34 34 34 34 34 34 188 190 191 191 191 191 191 781 836 853 856 870 870 870 2934 3569 3745 3804 3879 3887 3887 7782 13504 15544 16469 17074 17255 17281 7782 35942 58606 69028 74475 76547 77210
2579 55087573 5 5 5 5 5 5 5 29 29 29 29 29 29 29 155 158 158 159 159 159 159 697 726 736 742 742 742 742 2835 3280 3421 3506 3523 3544 3544 7488 12331 14231 15136 15476 15718 15755 7488 32351 53334 62633 66404 68690 69366
9889 50559617 8 8 8 8 8 8 8 33 33 33 33 33 33 33 144 148 148 148 148 148 148 609 667 680 680 681 681 681 2328 2823 3015 3049 3081 3081 3100 6130 10706 12781 13514 13864 13979 14119 6130 28075 47930 56446 60372 61942 62950
8811 1186379 3 3 3 3 3 3 3 5 5 5 5 5 5 5 9 9 9 9 9 9 9 25 25 25 25 25 25 25 82 88 88 89 89 89 89 219 311 326 342 343 343 343 219 832 1164 1347 1421 1446 1493
1491 61682431 12 12 12 12 12 12 12 40 43 43 43 43 43 43 168 181 181 181 181 181 181 785 856 861 867 870 871 871 3090 3696 3843 3949 4007 4029 4030 7944 13824 15938 17033 17552 17781 17818 7944 36377 59284 70283 75359 77558 78171
1079 5910544352 844 845 845 845 845 845 845 3957 4019 4040 4041 4041 4041 4041 17363 17964 18217 18295 18304 18310 18315 73444 79147 81708 82840 83045 83238 83319 277581 331856 356545 367988 371076 373036 373985 731322 1248446 1488736 1598644 1638211 1658837 1668422 731322 3285403 5598311 6678537 7117219 7325556 7421824
3649 6278124 3 3 3 3 3 3 3 7 7 7 7 7 7 7 22 22 22 22 22 22 22 78 80 80 80 80 80 80 275 328 339 342 342 345 345 757 1303 1512 1598 1602 1651 1665 757 3477 5822 6844 7091 7450 7572
7071 23690554 1 1 1 1 1 1 1 5 5 5 5 5 5 5 42 42 42 42 42 42 42 290 296 297 301 301 303 303 1183 1316 1371 1416 1418 1453 1453 3146 5003 5868 6301 6387 6656 6657 3146 13137 22203 26204 27518 29285 29409
3721 30583011 3 3 3 3 3 3 3 18 18 18 18 18 18 18 89 89 93 93 93 93 93 358 366 406 406 406 406 406 1372 1615 1881 1913 1914 1914 1915 3629 6225 8085 8499 8589 8630 8639 3629 16312 30695 35770 37497 38351 38582
4049 3738310 2 2 2 2 2 2 2 2 2 2 2 2 2 2 12 12 12 12 12 12 12 49 51 51 51 51 51 51 189 228 233 233 236 236 236 467 850 970 997 1022 1028 1028 467 2176 3640 4261 4523 4616 4652
3927 6898162 2 2 2 2 2 2 2 6 6 6 6 6 6 6 29 31 31 31 31 31 31 104 114 114 114 114 114 114 331 434 438 439 440 442 442 861 1576 1777 1848 1877 1907 1908 861 4223 6857 7839 8197 8508 8560
109 354139377 53 53 53 53 53 53 53 257 260 260 260 260 260 260 1065 1103 1103 1104 1105 1105 1105 4522 4919 4969 4989 5004 5008 5009 17098 20656 21633 22124 22283 22375 22408 45175 78093 90730 96131 98232 99570 100027 45175 205348 341519 401952 426736 439889 444957
8309 115629959 16 16 16 16 16 16 16 97 98 98 98 98 98 98 400 413 413 413 413 413 413 1609 1733 1749 1753 1756 1756 1756 5996 7198 7477 7564 7611 7629 7643 15546 25943 29786 31180 32016 32337 32504 15546 68382 112941 130719 139579 143546 145257
8129 2378654 1 1 1 1 1 1 1 3 3 3 3 3 3 3 9 9 9 9 9 9 9 44 44 44 44 44 44 44 152 165 165 165 165 165 165 406 632 691 691 697 698 698 406 1693 2600 2796 2934 2971 3019
7069 4643573 3 3 3 3 3 3 3 6 6 6 6 6 6 6 21 21 21 21 21 21 21 76 77 77 77 77 77 77 242 287 299 299 301 301 301 632 1072 1238 1273 1316 1321 1329 632 2637 4419 5058 5440 5595 5677
1401 108650661 12 12 12 12 12 12 12 56 56 56 56 56 56 56 303 304 310 311 311 311 311 1314 1367 1449 1496 1497 1497 1497 4962 5804 6484 6853 6887 6899 6899 13251 21989 27320 29896 30444 30677 30753 13251 57708 103424 125190 132398 135580 136967
2793 2412849 2 2 2 2 2 2 2 4 4 4 4 4 4 4 10 10 10 10 10 10 10 34 34 34 34 34 34 34 123 140 152 162 162 162 162 339 531 626 707 709 721 721 339 1378 2401 2963 3039 3159 3169
9041 1652600 1 1 1 1 1 1 1 3 3 3 3 3 3 3 7 7 7 7 7 7 7 32 32 32 32 32 32 32 113 118 122 123 123 123 123 311 420 466 472 485 487 487 311 1073 1710 1877 2007 2041 2054
377 103837243 14 14 14 14 14 14 14 65 65 65 65 65 65 65 323 336 336 336 336 336 336 1266 1390 1402 1404 1408 1409 1409 4819 5887 6224 6313 6409 6444 6454 12900 22500 26356 27858 28618 29024 29130 12900 59611 99805 117146 125383 129266 130565
219 112644446 8 8 8 8 8 8 8 58 58 58 58 58 58 58 327 329 332 337 341 341 341 1391 1452 1483 1510 1535 1537 1537 5307 6067 6476 6756 6918 6941 6945 13944 22996 27361 29969 31256 31607 31740 13944 60590 103938 126159 136859 140615 142259
6749 51726999 5 9 9 9 9 9 9 33 56 56 56 56 56 56 87 192 192 192 192 192 192 340 768 772 773 773 773 773 1279 3083 3242 3277 3296 3301 3313 3242 11423 13247 13871 14173 14302 14400 3242 30203 49904 57869 61763 63403 64429
4341 60940136 18 18 18 18 18 18 18 57 57 57 57 57 57 57 213 217 217 217 217 217 217 807 843 849 849 849 849 853 3079 3526 3712 3772 3804 3812 3837 8107 13239 15572 16501 16851 17017 17232 8107 34695 58288 68223 72569 74446 76093
5053 132122327 20 20 20 20 20 20 20 92 92 92 92 92 92 92 406 407 412 412 412 412 412 1791 1864 1927 1934 1936 1936 1941 6641 7710 8215 8374 8432 8446 8479 17561 28993 33775 35886 36797 37064 37365 17561 76613 126446 149283 159297 163064 165781
4001 561209567 121 121 121 121 121 121 121 442 442 444 445 447 447 447 1738 1758 1778 1786 1813 1813 1813 7078 7414 7634 7728 7906 7911 7928 26418 30691 32981 34075 35131 35231 35398 69828 115509 138224 148518 155787 157195 158394 69828 303971 517894 617331 674495 691718 702069
8597 6395818 1 1 1 1 1 1 1 6 6 6 6 6 6 6 22 22 22 22 22 22 22 94 94 94 95 95 95 95 397 419 432 444 444 444 444 1041 1518 1659 1772 1786 1797 1803 1041 3927 6186 7246 7664 7816 7895
5583 7096853 3 3 3 3 3 3 3 12 12 12 12 12 12 12 31 31 31 31 31 31 31 121 121 121 121 121 121 121 400 428 434 435 440 440 440 1017 1604 1796 1852 1911 1918 1924 1017 4130 6693 7776 8392 8641 8724
9399 8547524 1 1 1 1 1 1 1 9 9 9 9 9 9 9 23 23 23 23 23 23 23 108 108 108 108 110 110 110 406 446 458 460 481 481 481 1158 1804 2058 2180 2311 2311 2319 1158 4786 7823 9138 10222 10378 10511
9441 5781138 3 3 3 3 3 3 3 10 10 10 10 10 10 10 22 22 22 22 22 22 22 77 77 77 77 77 77 77 292 316 331 340 340 340 340 773 1256 1472 1597 1605 1610 1610 773 3343 5663 6768 7055 7195 7226
357 7691806 2 2 2 2 2 2 2 10 10 10 10 10 10 10 39 39 39 39 39 39 39 138 141 141 141 141 141 141 471 501 516 523 523 523 523 1154 1737 2001 2125 2148 2168 2177 1154 4522 7483 8798 9299 9506 9651
3471 62447 1 1 1 1 1 1 1 2 2 2 2 2 2 2 3 3 3 3 3 3 3 6 6 6 6 6 6 6 11 11 11 11 11 11 11 21 25 26 26 26 26 26 21 50 78 82 83 83 83
287 58733496 14 14 14 14 14 14 14 51 51 51 51 51 51 51 198 198 201 201 201 201 201 793 831 860 868 868 868 868 2887 3376 3673 3783 3831 3837 3840 7521 12450 14958 16002 16486 16624 16691 7521 32273 55876 66456 71176 72889 73724
1483 99050003 11 11 11 11 11 11 11 78 78 78 78 78 78 78 304 312 313 313 313 313 313 1267 1322 1349 1370 1375 1375 1375 4798 5555 5880 6112 6155 6168 6168 12665 20983 24585 26850 27368 27593 27643 12665 55716 92511 113255 120017 123106 124226
4203 10661546 1 1 1 1 1 1 1 10 10 10 10 10 10 10 37 37 37 37 38 38 38 134 135 135 135 150 150 150 490 537 547 557 706 706 706 1258 1915 2134 2302 3049 3073 3079 1258 5019 7887 9552 13346 13664 13741
8199 256067501 12 39 39 39 39 39 39 58 192 192 192 192 192 192 228 844 845 845 845 845 845 887 3656 3721 3732 3735 3735 3736 3164 15088 15974 16270 16400 16432 16473 8277 56028 65809 69692 71526 72090 72534 8277 147386 247895 291050 310888 318240 322267
3017 9879603 3 3 3 3 3 3 3 9 9 9 9 9 9 9 34 34 34 34 34 34 34 118 120 123 123 123 123 123 421 499 546 555 555 555 555 1158 1971 2466 2615 2651 2676 2681 1158 5202 9351 11121 11729 11990 12128
8673 5623212 3 3 3 3 3 3 3 7 7 7 7 7 7 7 23 23 23 23 23 23 23 86 86 86 86 86 86 86 314 337 349 349 349 349 349 843 1236 1456 1491 1519 1538 1538 843 3195 5562 6327 6662 6881 6919
9217 14433121 2 2 2 2 2 2 2 9 9 9 9 9 9 9 50 50 50 50 50 50 50 189 190 194 194 194 194 194 741 822 884 887 888 900 900 1938 3110 3652 3793 3840 3922 3935 1938 8369 13980 16332 17210 17964 18230
3799 11620004 3 3 3 3 3 3 3 11 11 11 11 11 11 11 38 38 38 38 38 38 38 185 190 190 190 190 190 190 695 758 766 780 780 780 780 1879 2875 3229 3390 3449 3452 3458 1879 7705 12271 14154 14931 15094 15257
481 43826356 7 7 7 7 7 7 7 23 24 24 24 24 24 24 125 131 131 140 140 140 140 508 547 549 630 630 630 630 1914 2292 2395 2790 2816 2836 2844 4968 8514 9805 11917 12217 12402 12467 4968 22273 36803 49181 52399 54345 55185
9669 8484808 3 3 3 3 3 3 3 9 9 9 9 9 9 9 27 27 27 27 27 27 27 123 140 140 140 140 142 142 437 524 540 542 542 554 555 1141 1890 2197 2277 2311 2380 2397 1141 4930 8157 9393 9816 10355 10467
8521 36441360 2 2 2 2 2 2 2 12 12 12 12 12 12 12 57 67 87 88 88 88 88 215 306 472 483 484 484 484 783 1263 2122 2211 2221 2222 2222 2041 4797 9049 9779 9977 10057 10089 2041 12825 34283 40988 43771 44901 45343
4429 2230715 2 2 2 2 2 2 2 6 6 6 6 6 6 6 17 17 17 17 17 17 17 47 47 47 47 47 47 47 166 185 186 187 187 190 190 370 567 651 665 669 680 680 370 1494 2407 2690 2823 2994 2997
679 13403133 6 6 6 6 6 6 6 14 14 14 14 14 14 14 51 51 51 51 51 51 51 202 203 205 205 205 205 205 769 836 871 878 879 891 891 2083 3078 3607 3733 3784 3879 3898 2083 8033 13540 15225 15965 16665 16852
1043 51130838 7 7 7 7 7 7 7 39 39 39 39 39 39 39 145 150 150 150 150 150 150 635 698 705 706 706 707 707 2361 2961 3067 3119 3146 3154 3161 6125 11281 12837 13588 14052 14154 14242 6125 29724 47883 56384 60973 62481 63314
8687 12426719 2 2 2 2 2 2 2 10 10 10 10 10 10 10 45 45 45 45 45 45 45 175 176 176 176 176 179 179 695 733 759 793 795 817 817 1832 2690 3068 3427 3476 3619 3636 1832 7026 11460 14059 14798 15673 15881
687 185237607 21 21 21 21 21 21 21 107 115 115 115 115 115 115 514 548 548 548 548 553 553 2248 2568 2591 2597 2601 2628 2628 8569 10753 11188 11302 11375 11630 11637 22859 40707 46911 49071 50091 51677 51862 22859 107395 176886 206047 218364 228906 231457
2021 24599913 4 4 4 4 4 4 4 16 16 16 16 16 16 16 65 66 66 66 66 66 66 308 318 318 318 319 319 319 1224 1462 1498 1523 1542 1542 1543 3219 5527 6282 6575 6790 6827 6853 3219 14766 24031 27571 29789 30401 30723
8009 11456769 1 1 1 1 1 1 1 9 9 9 9 9 9 9 39 39 39 39 39 39 39 163 174 178 178 178 180 180 562 649 703 717 726 734 734 1463 2436 2918 3065 3149 3204 3210 1463 6440 11070 12789 13679 14220 14367
5183 1770738 3 3 3 3 3 3 3 6 6 6 6 6 6 6 14 14 14 14 14 14 14 37 37 37 37 37 37 37 109 115 118 118 118 118 118 273 447 489 507 507 507 508 273 1224 1828 2082 2161 2190 2228
5891 3587683 2 2 2 2 2 2 2 2 2 2 2 2 2 2 12 12 12 12 12 12 12 55 55 55 55 55 55 55 208 230 233 238 238 238 238 564 860 910 973 1002 1002 1003 564 2147 3226 3899 4332 4407 4419
5823 27136263 2 2 2 2 2 2 2 19 19 19 19 19 19 19 81 84 84 86 86 86 86 328 361 363 380 382 382 382 1264 1568 1629 1750 1785 1785 1789 3270 5847 6741 7567 7805 7831 7878 3270 15463 25440 31521 33697 34273 34667
2697 120220938 22 22 22 22 22 22 22 100 100 100 100 100 100 100 390 396 397 397 397 397 397 1616 1702 1731 1741 1741 1741 1741 6012 6960 7362 7519 7584 7644 7647 15865 25794 30294 32271 33061 33658 33777 15865 67918 113915 135034 143723 148916 150486
7277 83486895 13 13 13 13 13 13 13 53 67 67 67 67 67 67 184 255 255 255 255 255 255 687 1114 1121 1129 1132 1133 1133 2702 4851 5093 5198 5234 5267 5269 7155 18346 21506 22847 23236 23569 23646 7155 48365 81658 96275 101053 104224 105315
797 29558187 5 5 5 5 5 5 5 28 28 28 28 28 28 28 93 96 96 96 96 96 96 349 388 392 398 398 398 398 1296 1599 1731 1773 1775 1790 1795 3404 5999 7399 7922 8062 8178 8258 3404 15609 27600 32943 34922 35937 36663
9661 19064248 1 1 1 1 1 1 1 11 11 11 11 11 11 11 41 59 59 59 59 59 59 152 260 266 266 267 268 268 557 1077 1150 1154 1160 1175 1175 1541 4153 4892 5138 5243 5357 5387 1541 11111 18733 22092 23330 24093 24382
7801 51113949 11 11 11 11 11 11 11 45 45 45 45 45 45 45 164 164 164 164 164 164 164 594 630 636 642 661 661 661 2216 2681 2924 3019 3167 3194 3194 5722 10191 12308 13315 14186 14464 14510 5722 27299 46590 55711 61490 63654 64427
6517 2259703 1 1 1 1 1 1 1 3 3 3 3 3 3 3 13 13 13 13 13 13 13 50 50 50 50 50 50 50 157 164 177 184 184 184 184 365 518 614 688 691 699 699 365 1234 2067 2589 2673 2781 2810
927 916670071 150 150 150 150 150 150 150 663 669 676 676 676 676 676 2842 2909 2942 2957 2961 2961 2961 11961 12776 13102 13202 13259 13276 13283 44549 52775 56142 57375 58104 58379 58526 116961 197842 233526 247899 255557 258736 260280 116961 520073 876959 1031118 1106495 1138501 1153613
7951 4570 2 2 2 2 2 2 2 2 2 2 2 2 2 2 3 3 3 3 3 3 3 4 4 4 4 4 4 4 6 6 6 6 6 6 6 8 8 8 8 8 8 8 8 12 14 14 14 14 14
1763 5289256 3 3 3 3 3 3 3 6 6 6 6 6 6 6 19 19 19 19 19 19 19 79 79 79 79 79 79 79 297 334 345 350 350 350 350 782 1280 1450 1519 1531 1537 1545 782 3277 5258 6134 6397 6550 6670
2387 9768222 3 3 3 3 3 3 3 9 9 9 9 9 9 9 25 25 25 25 25 25 25 121 121 126 126 126 126 126 467 520 577 580 582 585 585 1240 1990 2489 2573 2609 2647 2663 1240 5279 9558 10831 11434 11833 12030
3353 57578140 15 15 15 15 15 15 15 41 41 41 41 41 41 41 164 167 167 167 167 167 167 685 751 755 761 761 761 761 2753 3457 3552 3674 3678 3690 3690 7127 12890 14578 15697 15912 16054 16075 7127 34168 55558 66181 69721 71390 71958
4071 3345465 3 3 3 3 3 3 3 6 6 6 6 6 6 6 15 15 15 15 15 15 15 61 61 61 61 61 61 61 192 204 206 208 208 210 210 556 828 881 929 934 948 948 556 2195 3375 3910 4039 4178 4187
9161 29214655 1 1 1 1 1 1 1 12 12 12 12 12 12 12 70 71 71 71 71 71 71 333 376 376 376 376 376 376 1250 1622 1649 1664 1684 1687 1691 3410 6463 7335 7754 7994 8052 8107 3410 17190 27947 32856 35332 36098 36559
2439 23820693 4 4 4 4 4 4 4 16 16 16 16 16 16 16 65 65 65 65 65 65 65 299 308 318 319 319 319 319 1160 1276 1405 1433 1442 1442 1442 2997 4791 5901 6380 6539 6581 6591 2997 12559 22306 27157 29006 29708 29967
1729 254835638 41 41 41 41 41 41 41 198 204 204 204 204 204 204 818 863 863 863 863 863 863 3278 3702 3732 3733 3734 3740 3743 12104 15284 15850 16070 16131 16252 16285 31708 57187 65974 69317 70538 71702 72151 31708 150351 248474 289098 306110 316173 320169
9419 498615128 64 64 64 64 64 64 64 302 302 302 302 302 302 302 1419 1442 1449 1456 1457 1457 1457 6244 6691 6814 6895 6937 6942 6945 23781 28329 30016 30884 31374 31481 31552 62589 107034 125655 134697 139217 140765 141530 62589 281841 471750 561013 603016 619577 627379
6369 2000500 1 1 1 1 1 1 1 4 4 4 4 4 4 4 12 12 12 12 12 12 12 29 29 32 32 32 32 32 110 115 123 123 125 125 125 275 383 471 488 529 529 530 275 999 1867 2164 2449 2500 2525
8627 784208 2 2 2 2 2 2 2 3 3 3 3 3 3 3 6 6 6 6 6 6 6 16 16 16 16 16 16 16 52 53 53 60 60 60 60 109 174 181 235 235 235 235 109 441 632 936 972 982 987
7001 51510614 10 10 10 10 10 10 10 40 40 40 40 40 40 40 182 182 182 182 182 182 182 686 710 726 728 728 728 728 2694 3069 3278 3298 3321 3329 3329 7094 11499 13525 14001 14325 14452 14477 7094 30376 51348 58981 62872 64404 64863
1819 12626361 4 4 4 4 4 4 4 15 15 15 15 15 15 15 49 49 49 49 49 49 49 194 199 201 202 202 202 202 722 795 821 838 843 846 846 1905 2963 3360 3539 3588 3653 3681 1905 7681 12115 14162 14904 15447 15744
7831 21731709 8 8 8 8 8 8 8 22 22 22 22 22 22 22 74 74 74 74 74 74 74 296 308 313 317 318 318 318 1099 1243 1306 1345 1362 1365 1365 2915 4758 5583 5926 6117 6159 6170 2915 12557 20799 24494 26269 26885 27066
457 66376897 8 8 8 8 8 8 8 45 45 45 45 45 45 45 229 229 229 231 231 231 231 880 887 900 913 913 913 913 3432 3808 4006 4143 4153 4169 4172 9068 14493 16933 18253 18493 18729 18811 9068 38640 64290 76877 80712 82946 83939
8001 73801757 10 10 10 10 10 10 10 50 50 50 50 50 50 50 236 236 240 240 240 240 240 1019 1047 1080 1080 1080 1080 1080 3903 4365 4670 4710 4750 4764 4764 10319 16308 19361 20239 20720 21015 21042 10319 42934 72778 84034 89336 92359 93038
8233 6272870 1 1 1 1 1 1 1 4 4 4 4 4 4 4 24 24 24 24 24 24 24 78 78 86 86 86 86 86 298 327 380 386 387 387 389 787 1256 1634 1743 1771 1783 1795 787 3283 6086 7221 7685 7823 7972
9781 30127717 4 4 4 4 4 4 4 19 19 19 19 19 19 19 101 101 101 101 101 101 101 396 412 413 415 415 415 415 1497 1780 1869 1907 1912 1913 1916 3841 6851 7929 8363 8532 8559 8599 3841 18055 29662 34530 36627 37345 37882
5717 10694881 1 1 1 1 1 1 1 11 11 11 11 11 11 11 42 42 42 42 42 42 42 175 179 179 179 179 179 179 595 692 697 703 708 708 710 1512 2594 2856 3032 3088 3091 3117 1512 6805 10664 12425 13129 13341 13582
6743 16916827 3 3 3 3 3 3 3 11 11 11 11 11 11 11 56 56 56 56 56 56 56 221 222 222 222 222 222 222 898 995 1014 1031 1039 1047 1047 2304 3674 4153 4421 4584 4640 4653 2304 9794 15800 18811 20178 20765 20961
9087 3601264 1 1 1 1 1 1 1 4 4 4 4 4 4 4 10 10 10 10 10 10 10 36 36 36 36 36 36 36 134 175 184 184 184 185 185 330 727 843 873 894 913 913 330 2011 3380 3921 4155 4294 4316
7451 21783710 5 5 5 5 5 5 5 20 20 20 20 20 20 20 65 65 65 65 65 65 65 256 260 267 267 267 267 267 1004 1167 1274 1298 1302 1306 1306 2694 4620 5577 5916 5997 6087 6105 2694 12341 21262 24991 26174 27019 27332
8377 3227168 2 2 2 2 2 2 2 3 3 3 3 3 3 3 7 7 7 7 7 7 7 48 48 48 48 48 48 48 171 180 181 191 192 192 192 454 679 754 809 864 888 888 454 1781 2791 3295 3723 3942 3953
8013 1493028 1 1 1 1 1 1 1 3 3 3 3 3 3 3 7 7 7 7 7 7 7 12 18 18 18 18 18 18 39 89 91 91 91 91 91 92 323 371 377 381 381 386 92 859 1509 1676 1769 1836 1873
819 20273685 5 5 5 5 5 5 5 22 22 22 22 22 22 22 77 77 77 77 77 77 77 312 330 330 330 330 330 330 1149 1342 1381 1386 1386 1395 1395 2963 4663 5593 5761 5812 5900 5914 2963 12120 20722 23684 24721 25438 25717
8003 2917356 1 1 1 1 1 1 1 8 8 8 8 8 8 8 16 16 16 16 16 16 16 44 44 44 44 44 44 44 188 192 209 213 213 213 213 477 677 823 850 862 868 868 477 1792 3014 3423 3548 3650 3664
389 58606284 18 18 18 18 18 18 18 46 46 46 46 46 46 46 167 168 168 168 168 168 168 736 771 777 777 777 777 777 2988 3461 3584 3630 3656 3660 3668 7910 13067 15002 15755 16105 16236 16373 7910 34304 56426 65753 70234 72206 73259
6349 3399818 1 1 1 1 1 1 1 4 4 4 4 4 4 4 13 13 13 13 13 13 13 62 62 62 62 62 62 62 214 235 241 243 243 243 243 554 861 944 1026 1031 1037 1037 554 2226 3443 4243 4373 4468 4479
5997 18021752 1 1 1 1 1 1 1 7 7 7 7 7 7 7 45 45 45 45 45 45 45 210 211 216 227 227 227 227 828 910 972 1042 1053 1053 1055 2229 3541 4248 4750 4850 4885 4895 2229 9346 16232 20306 21639 22224 22453
6319 36675717 4 4 4 4 4 4 4 38 38 38 38 38 38 38 124 124 124 124 124 124 124 458 489 497 498 501 501 501 1644 1970 2058 2084 2139 2141 2142 4406 7706 8832 9285 9887 9957 9985 4406 20686 33926 39459 44025 45106 45584
1271 6078384 2 2 2 2 2 2 2 6 6 6 6 6 6 6 28 28 28 28 28 28 28 98 98 107 107 107 107 107 310 334 377 381 384 385 385 828 1197 1545 1650 1702 1711 1719 828 3156 5788 6845 7320 7517 7625
3167 79735345 6 6 6 6 6 6 6 45 45 45 45 45 45 45 197 214 214 214 214 214 214 950 1094 1098 1100 1108 1108 1108 3616 4656 4798 4893 4951 4965 4972 9496 17588 20139 21449 22014 22310 22474 9496 46397 75521 89817 95875 98883 100414
7499 3183703 1 1 1 1 1 1 1 6 6 6 6 6 6 6 23 23 23 23 23 23 23 61 61 61 61 61 61 61 212 220 222 226 227 227 227 573 821 910 950 972 972 972 573 2078 3331 3833 3972 4019 4029
7903 16485405 2 2 2 2 2 2 2 16 16 16 16 16 16 16 49 49 49 49 49 49 49 197 205 207 207 207 208 208 846 964 1033 1040 1040 1052 1052 2316 3612 4252 4440 4497 4577 4591 2316 9668 16089 18631 19639 20363 20564
5409 237307516 35 35 35 35 35 35 35 155 156 156 156 156 156 156 720 742 743 743 743 743 743 3134 3314 3367 3399 3425 3426 3426 11748 13641 14380 14752 15031 15086 15110 30953 51137 59756 63512 65897 66541 66896 30953 134740 225065 265231 286525 294009 297493
2277 163154089 33 33 33 33 33 33 33 120 120 120 120 120 120 120 516 527 528 528 528 528 528 2101 2220 2259 2262 2280 2284 2284 7845 9174 9756 9878 10100 10173 10190 20645 34524 40981 42907 44660 45439 45694 20645 91374 155486 180518 195578 202397 205290
7401 80691034 11 11 11 11 11 11 11 58 58 58 58 58 58 58 270 270 270 270 270 272 272 1091 1124 1134 1142 1143 1172 1172 4195 4743 4890 4964 5003 5173 5187 11191 17873 20128 21107 21691 22575 22697 11191 47019 75968 88477 94748 100312 101532
6027 12326223 2 2 2 2 2 2 2 6 6 6 6 6 6 6 34 34 34 34 34 34 34 148 154 155 155 155 155 155 582 672 708 708 711 711 711 1502 2594 3063 3197 3305 3310 3320 1502 6952 11871 13830 14904 15136 15277
4911 12065914 3 3 3 3 3 3 3 7 7 7 7 7 7 7 39 39 39 39 39 39 39 145 150 160 160 160 160 160 480 613 691 709 720 727 727 1292 2429 3086 3254 3349 3399 3410 1292 6357 11628 13610 14508 14962 15110
2403 92758690 14 14 14 14 14 14 14 55 58 58 58 58 58 58 223 259 259 259 259 259 259 995 1227 1242 1243 1246 1249 1249 3847 5323 5559 5676 5753 5780 5782 10193 20041 23320 24870 25671 26032 26105 10193 52787 87349 103775 111632 115150 116305
7963 2911055 2 2 2 2 2 2 2 2 2 2 2 2 2 2 6 6 6 6 6 6 6 33 33 33 33 33 33 33 151 158 164 165 165 165 165 409 614 712 745 748 748 749 409 1670 2783 3352 3506 3562 3585
4191 9152706 1 1 1 1 1 1 1 6 6 6 6 6 6 6 36 36 36 36 36 36 36 138 140 140 140 140 140 140 524 587 601 605 606 606 606 1404 2146 2398 2478 2500 2523 2528 1404 5574 9027 10465 10890 11173 11267
5087 5687131 2 2 2 2 2 2 2 3 3 3 3 3 3 3 14 14 14 14 14 14 14 55 55 55 55 55 55 55 230 250 286 286 286 292 292 696 1124 1411 1444 1461 1510 1531 696 3005 5315 6042 6384 6792 7024
1477 37075435 5 5 5 5 5 5 5 26 26 26 26 26 26 26 100 100 104 104 104 105 105 409 417 444 444 449 468 468 1579 1764 1988 2007 2057 2224 2224 4192 6786 8495 8925 9295 10272 10280 4192 18000 32480 37765 40856 46130 46449
499 17621298 2 2 2 2 2 2 2 8 8 8 8 8 8 8 58 62 62 62 62 62 62 215 255 255 257 257 257 257 849 1029 1058 1088 1115 1115 1115 2093 3683 4286 4679 4942 4956 4957 2093 9581 15794 19187 21490 21875 21966
5491 56132301 15 15 15 15 15 15 15 50 50 50 50 50 50 50 199 199 200 200 200 200 200 719 742 764 779 779 779 779 2621 2992 3313 3417 3421 3437 3437 6920 11301 14018 15055 15279 15470 15502 6920 30183 53591 64282 68218 70057 70612
9359 44809548 4 4 4 4 4 4 4 26 26 26 26 26 26 26 126 129 129 129 129 129 133 511 538 540 540 540 540 590 1902 2295 2397 2429 2432 2438 2749 5057 8737 10280 10744 10933 11059 12578 5057 23197 38723 44766 47486 48878 55997
9917 1429734 1 1 1 1 1 1 1 2 2 2 2 2 2 2 4 4 4 4 4 4 4 15 15 15 15 15 22 22 45 56 59 59 59 78 78 124 249 285 314 317 409 409 124 684 1070 1285 1354 1720 1723
8359 8416756 3 3 3 3 3 3 3 11 11 11 11 11 11 11 35 35 35 35 35 35 35 128 135 135 135 135 135 135 456 508 518 524 524 524 524 1231 1959 2239 2340 2346 2364 2364 1231 5225 8387 9718 10065 10306 10379
2461 28813859 6 6 6 6 6 6 6 28 28 28 28 28 28 28 120 120 120 120 120 120 120 478 480 481 481 481 482 482 1756 1897 1974 1990 2000 2011 2012 4472 6850 7870 8227 8352 8446 8454 4472 17956 29530 33926 35557 36491 36751
8633 14963923 3 3 3 3 3 3 3 9 9 9 9 9 9 9 43 43 43 43 43 43 43 180 188 188 188 188 188 188 706 838 866 876 877 877 881 1864 3257 3739 3930 4057 4086 4113 1864 8857 14528 16749 18170 18588 18805
5661 4700825 2 2 2 2 2 2 2 2 2 2 2 2 2 2 11 11 11 11 11 11 11 53 53 53 53 53 53 53 204 224 232 242 242 242 242 551 898 1058 1188 1200 1203 1203 551 2450 4119 5191 5464 5585 5636
139 1171539916 200 200 200 200 200 200 200 812 815 815 815 815 815 815 3605 3674 3695 3726 3728 3728 3728 14874 15784 16089 16432 16467 16484 16485 56836 66700 70696 73559 74209 74487 74583 149692 249591 293166 317474 325456 329174 330550 149692 656959 1103245 1325351 1413151 1453910 1470947
9519 877722 1 1 1 1 1 1 1 3 3 3 3 3 3 3 4 4 4 4 4 4 4 10 10 10 10 10 10 10 34 43 46 46 46 46 46 87 170 220 225 231 231 232 87 445 878 976 1076 1082 1091
279 258208675 36 36 36 36 36 36 36 179 179 179 179 179 179 179 821 837 840 842 842 842 842 3286 3530 3601 3665 3673 3675 3678 12194 14643 15505 16101 16245 16313 16368 32155 54648 64413 69660 71486 72271 72832 32155 143658 241480 289708 309602 318401 323286
3657 791359 2 2 2 2 2 2 2 3 3 3 3 3 3 3 3 3 3 3 3 3 3 11 13 13 13 13 13 13 38 59 61 61 62 62 62 79 184 226 228 252 252 252 79 474 812 878 1036 1040 1043
2437 18407169 3 3 3 3 3 3 3 12 12 12 12 12 12 12 72 72 72 72 72 72 72 298 302 302 302 302 302 302 1122 1208 1229 1242 1263 1274 1274 2940 4300 4846 5040 5184 5263 5264 2940 11423 18355 21014 22537 23231 23343
4849 61522803 10 10 10 10 10 10 10 41 41 41 41 41 41 41 188 188 188 188 192 192 192 798 829 837 837 872 872 872 3017 3536 3691 3743 3916 3939 3939 7844 12979 15014 15947 17069 17341 17373 7844 34387 56428 66894 74208 76614 77287
2761 83898967 16 16 16 16 16 16 16 68 68 68 68 68 68 68 271 275 275 275 275 275 275 1102 1128 1132 1134 1135 1135 1135 4199 4785 4992 5093 5146 5155 5155 11102 18163 21103 22538 23220 23465 23535 11102 47545 79226 94171 100977 103746 104758
6603 59379084 7 7 7 7 7 7 7 37 37 37 37 37 37 37 207 209 209 209 209 209 209 844 875 875 876 884 884 884 3205 3673 3774 3812 3852 3884 3885 8435 13721 15575 16253 16660 16912 16967 8435 35994 58272 67513 71708 73943 74697
1189 66582 3 3 3 3 3 3 3 3 3 3 3 3 3 3 4 4 4 4 4 4 4 6 6 6 6 6 6 6 9 9 9 9 9 9 9 16 19 19 19 19 19 19 16 38 43 58 63 63 64
5027 72025125 5 5 5 5 5 5 5 39 39 39 39 39 39 39 174 177 179 179 179 179 179 756 853 884 887 887 905 907 2901 3677 4015 4110 4160 4296 4332 7551 14009 17230 18373 18981 19818 20070 7551 37130 64952 77198 82863 88163 89978
1703 596126770 82 82 82 82 82 82 82 405 406 418 419 419 419 419 1736 1771 1844 1853 1856 1856 1856 7314 7714 8232 8378 8442 8443 8443 27322 31958 35608 36836 37446 37590 37616 72071 120709 149605 160953 166507 168295 168906 72071 317572 561934 671680 722866 742672 750585
5881 41197954 5 5 5 5 5 5 5 29 29 29 29 29 29 29 119 129 129 129 129 129 129 468 553 562 563 564 570 570 1666 2290 2437 2533 2540 2603 2604 4430 8537 10108 11067 11239 11642 11674 4430 22532 38140 46453 48816 51505 52030
543 2697264824 403 403 403 403 403 403 403 1838 1842 1844 1851 1852 1852 1852 8078 8249 8302 8364 8381 8382 8386 34043 36364 37170 37685 37866 37923 37966 128117 152262 161842 166632 168769 169590 170044 337207 574822 676999 724922 746960 755990 760206 337207 1515074 2551879 3032151 3251643 3345426 3387561
1519 4481025 2 2 2 2 2 2 2 3 3 3 3 3 3 3 14 14 14 14 14 14 14 62 62 62 62 62 62 62 274 291 293 293 293 293 293 702 1074 1192 1241 1251 1284 1288 702 2790 4412 5038 5288 5587 5670
2913 29374901 3 3 3 3 3 3 3 8 8 8 8 8 8 8 54 63 63 71 71 71 71 254 331 331 384 384 384 384 1020 1467 1498 1818 1820 1823 1826 2667 5468 6170 7922 8050 8166 8216 2667 14415 23468 33434 35301 36298 36736
8313 8251635 2 2 2 2 2 2 2 5 5 5 5 5 5 5 13 13 13 13 13 13 13 103 109 109 109 113 113 113 384 434 441 449 493 493 493 1058 1606 1791 1910 2232 2245 2246 1058 4228 6775 8087 10025 10269 10335
7243 54904094 10 10 10 10 10 10 10 34 34 34 34 34 34 34 177 177 177 177 177 177 177 721 746 749 755 755 755 756 2801 3156 3311 3394 3403 3422 3455 7483 11947 13831 14846 15052 15325 15478 7483 31302 51859 61789 64929 67263 68417
6733 39597697 3 3 3 3 3 3 3 25 25 25 25 25 25 25 88 88 96 96 96 96 96 426 448 507 508 508 508 508 1676 1985 2345 2401 2409 2409 2410 4418 7731 10275 10874 11087 11170 11234 4418 20435 39043 45443 48095 49262 49934
4587 17691728 5 5 5 5 5 5 5 15 15 15 15 15 15 15 54 59 59 59 59 59 59 200 252 254 259 259 259 259 715 1049 1102 1143 1151 1156 1164 1789 3730 4357 4719 4811 4893 4947 1789 9871 16525 19674 20848 21680 22124
9649 12724300 4 4 4 4 4 4 4 8 8 8 8 8 8 8 32 36 36 36 36 36 36 141 163 165 165 167 167 167 530 691 765 769 784 784 784 1424 2663 3328 3522 3607 3626 3629 1424 6793 12309 14615 15476 15837 15935
6439 19983332 5 5 5 5 5 5 5 14 14 14 14 14 14 14 51 51 51 51 51 51 51 227 230 236 237 243 243 243 925 1067 1146 1172 1229 1243 1243 2460 3987 4741 5015 5425 5525 5528 2460 10729 17973 21282 24036 24884 25022
3569 35519667 8 8 8 8 8 8 8 27 27 27 27 27 27 27 115 116 116 116 116 116 116 448 476 477 477 477 477 477 1733 2096 2160 2180 2193 2200 2200 4654 8116 9151 9628 9790 9921 9944 4654 21717 34495 40305 42698 43868 44231
3171 34466380 4 4 4 4 4 4 4 16 16 16 16 16 16 16 93 93 93 93 93 93 93 438 446 447 455 455 456 456 1673 1870 1968 2034 2047 2069 2070 4440 7233 8546 9230 9477 9623 9671 4440 18863 31928 38277 41038 42505 43067
9447 118520870 3 3 3 3 3 3 3 62 63 63 63 63 63 63 274 292 294 294 294 294 294 1327 1452 1510 1517 1551 1551 1551 5140 6236 6811 6988 7212 7242 7272 13596 23674 28800 30843 32299 32689 32979 13596 62898 109808 130264 141601 145900 148371
4693 178108481 3 3 3 15 15 15 15 14 14 14 75 75 75 75 85 97 97 476 476 476 476 383 451 463 2311 2345 2379 2379 1469 1998 2112 10632 10880 11074 11079 3903 7583 8836 47072 48913 50170 50336 3903 20299 33666 197333 213362 222583 225122
8479 10370798 4 4 4 4 4 4 4 14 14 14 14 14 14 14 36 36 36 36 36 36 36 145 148 148 151 151 151 151 535 592 626 648 655 660 661 1356 2140 2530 2716 2786 2841 2869 1356 5769 9696 11547 12354 12832 13039
4947 10136890 1 1 1 1 1 1 1 5 5 5 5 5 5 5 22 22 22 22 22 22 22 118 124 124 124 126 126 126 466 552 557 559 571 585 585 1304 2318 2551 2663 2753 2835 2842 1304 6286 9647 11304 12126 12726 12833
1627 181608502 23 23 23 23 23 23 23 125 125 129 129 129 129 129 521 523 581 581 581 581 581 2072 2120 2473 2490 2495 2496 2496 7892 8917 10702 11003 11141 11186 11209 20806 33744 44718 47944 49342 49938 50258 20806 89315 170608 202130 216977 223704 226574
8609 7713849 1 1 1 1 1 1 1 5 5 5 5 5 5 5 28 28 28 28 28 28 28 105 106 106 106 106 106 106 415 464 475 491 491 491 491 1123 1793 2009 2164 2180 2184 2195 1123 4703 7372 8820 9253 9431 9574
2903 816809812 102 106 106 106 106 106 106 483 509 509 509 509 509 509 2300 2459 2494 2496 2496 2496 2496 9981 11003 11370 11422 11433 11447 11453 38099 46561 50109 50911 51199 51445 51528 100589 175976 210343 222060 226828 229504 230570 100589 464158 792619 929797 986711 1015020 1027179
9437 2074296 1 1 1 1 1 1 1 2 2 2 2 2 2 2 4 4 4 4 4 4 4 8 21 21 21 21 21 21 51 109 118 118 118 118 118 158 439 548 559 561 562 562 158 1183 2058 2347 2445 2546 2554
557 1824319080 245 245 245 245 245 245 245 1195 1202 1202 1202 1202 1202 1202 5470 5580 5588 5604 5605 5611 5612 23159 24689 25034 25305 25364 25409 25444 87619 103779 109305 112457 113369 113970 114372 231314 391576 458597 491518 503399 509603 513411 231314 1031961 1727405 2057038 2191771 2255293 2289089
8629 61936913 7 7 7 7 7 7 7 43 43 43 43 43 43 43 180 187 187 191 191 191 191 731 795 810 833 837 837 837 2715 3256 3561 3765 3818 3818 3821 7152 12171 14943 16484 16941 17034 17083 7152 31811 56765 69921 74588 76216 76902
1359 34803068 4 4 4 4 4 4 4 19 19 19 19 19 19 19 88 88 88 88 88 88 88 387 439 442 447 447 448 448 1535 2054 2122 2166 2167 2173 2173 4181 7971 8917 9510 9614 9734 9761 4181 21315 33778 40120 42168 43518 43939
1551 14475370 4 4 4 4 4 4 4 12 12 12 12 12 12 12 42 42 42 42 42 42 42 185 186 193 193 193 193 193 727 792 853 863 879 879 879 1958 3063 3762 3926 4062 4079 4091 1958 8069 14264 16499 17728 18056 18254
9099 20816267 3 3 3 3 3 3 3 15 15 15 15 15 15 15 56 56 56 70 70 70 70 232 247 247 325 325 325 325 861 1014 1045 1415 1424 1427 1427 2214 3660 4151 5907 6039 6103 6110 2214 9405 15159 23899 25375 26081 26299
2863 34963064 7 7 7 7 7 7 7 24 24 24 24 24 24 24 121 121 122 122 122 122 122 519 523 536 540 540 540 540 1799 2048 2195 2236 2239 2240 2243 4578 7433 8965 9583 9753 9821 9879 4578 19487 34184 40556 43009 44017 44595
5069 5308010 2 2 2 2 2 2 2 6 6 6 6 6 6 6 23 23 23 23 23 23 23 82 82 82 87 87 87 87 288 303 308 333 333 333 333 708 1109 1231 1436 1478 1485 1485 708 2939 4603 6051 6487 6648 6668
6869 65750297 5 5 5 5 5 5 5 34 34 34 34 34 34 34 186 186 186 186 186 186 186 876 905 910 919 919 919 919 3318 3788 3956 4077 4093 4098 4101 8783 14233 16434 17733 18058 18189 18255 8783 37422 61909 74848 79271 81197 81908
9401 32540272 8 8 8 8 8 8 8 23 23 23 23 23 23 23 97 100 100 100 100 100 100 390 436 446 446 448 448 448 1451 1819 1963 1974 2001 2007 2008 3904 7024 8521 8888 9115 9230 9266 3904 18464 31948 37041 39536 40931 41369
5451 19479486 9 9 9 9 9 9 9 22 22 22 22 22 22 22 84 84 84 84 84 84 84 286 318 318 318 318 318 318 1002 1230 1257 1272 1280 1280 1282 2566 4530 5133 5445 5580 5605 5641 2566 11610 18795 22292 23737 24284 24591
7933 8807721 4 4 4 4 4 4 4 11 11 11 11 11 11 11 38 38 38 38 38 38 38 144 144 144 144 144 144 144 495 523 538 544 545 545 545 1346 1967 2309 2439 2452 2454 2462 1346 5210 8762 10312 10680 10872 11015
1883 2840924 2 2 2 2 2 2 2 5 5 5 5 5 5 5 14 14 14 14 14 14 14 56 56 56 56 56 56 56 202 204 207 207 207 210 210 512 714 811 825 829 860 861 512 1832 2897 3265 3384 3566 3617
9111 3604475 3 3 3 3 3 3 3 7 7 7 7 7 7 7 24 24 24 24 24 24 24 71 77 78 78 78 78 78 195 258 265 267 267 267 267 489 895 1007 1027 1035 1037 1039 489 2374 3751 4207 4453 4529 4559
7853 32872873 7 7 7 7 7 7 7 23 23 23 23 23 23 23 105 105 105 105 105 105 105 478 483 483 483 484 484 484 1844 2033 2088 2096 2111 2116 2116 4923 7621 8483 8786 8982 9075 9124 4923 20317 32080 36642 39224 40313 40824
4327 5667288 3 3 3 3 3 3 3 7 7 7 7 7 7 7 25 25 25 25 25 25 25 88 88 90 90 90 90 90 341 352 370 371 371 371 371 908 1316 1566 1615 1639 1648 1648 908 3404 5770 6607 7038 7158 7212
4311 10705500 2 2 2 2 2 2 2 9 9 9 9 9 9 9 28 34 34 34 34 34 34 114 172 172 172 172 172 172 334 690 703 705 707 707 707 824 2490 2800 2951 3017 3045 3055 824 6555 10479 12254 12964 13409 13535
2207 5257310 2 2 2 2 2 2 2 4 4 4 4 4 4 4 23 23 23 23 23 23 23 90 90 90 90 90 90 90 292 304 306 308 308 309 309 762 1206 1326 1417 1427 1453 1457 762 3113 4864 5931 6230 6462 6531
1267 564833109 69 69 69 69 69 69 69 360 366 366 366 366 366 366 1726 1787 1794 1801 1801 1801 1801 7070 7570 7764 7819 7851 7860 7865 26845 31740 33967 34840 35161 35315 35417 70635 119178 141540 151531 155514 157371 158308 70635 314183 533804 635068 678246 698040 707267
7531 83191193 8 8 8 8 8 8 8 28 32 32 32 32 32 32 200 241 241 241 241 241 241 931 1187 1199 1201 1202 1202 1202 3616 5052 5255 5304 5338 5364 5393 9661 18828 21555 22671 23230 23486 23786 9661 49501 80520 93999 100343 102800 104789
4811 81931642 4 4 4 4 4 4 4 46 46 46 46 46 46 46 232 232 236 236 236 236 236 1032 1056 1099 1111 1116 1119 1119 3966 4468 4892 5039 5114 5147 5149 10553 16834 20605 22207 22867 23238 23340 10553 44218 77010 92472 99243 102419 103599
8149 36029309 6 6 6 6 6 6 6 29 29 29 29 29 29 29 122 122 122 122 122 122 122 440 450 475 477 477 477 477 1565 1796 2052 2096 2105 2114 2114 4269 6874 9031 9506 9727 9828 9869 4269 18051 34462 40179 43029 44130 44805
4297 117330092 11 11 11 11 11 11 11 53 53 53 53 53 53 53 274 279 279 279 279 279 279 1307 1411 1487 1488 1490 1493 1493 5192 6284 6942 7048 7090 7140 7169 13742 23966 29549 31103 31736 32172 32434 13742 63929 112684 132048 139926 144360 146629
6009 10185589 2 2 2 2 2 2 2 4 4 4 4 4 4 4 35 35 35 35 35 35 35 157 159 159 159 159 159 159 585 630 649 668 673 673 673 1496 2250 2616 2819 2874 2882 2901 1496 5950 9938 11959 12660 12844 13031
1309 17066127 4 4 4 4 4 4 4 17 17 17 17 17 17 17 63 63 63 63 63 63 63 247 248 255 255 255 255 255 918 979 1090 1097 1099 1100 1100 2472 3755 4565 4747 4831 4874 4903 2472 9684 16780 19276 20509 21055 21376
4987 878939 1 1 1 1 1 1 1 4 4 4 4 4 4 4 12 12 12 12 12 12 12 24 24 24 24 24 24 24 90 92 95 98 98 98 98 205 263 295 323 323 323 323 205 690 990 1181 1209 1214 1217
2857 151633730 15 15 15 15 15 15 15 90 90 90 90 90 90 90 475 476 478 478 478 478 478 2045 2098 2127 2135 2143 2144 2144 7660 8664 9204 9355 9453 9480 9483 20216 33011 38937 41152 42182 42609 42722 20216 86986 147073 172405 183456 188391 190290
5933 114817316 17 17 17 17 17 17 17 79 79 79 79 79 79 79 371 376 376 376 376 376 376 1499 1586 1590 1591 1600 1600 1600 5661 6664 6887 6944 7093 7112 7114 15113 26019 29740 30852 32111 32396 32511 15113 68562 112013 128365 139598 142980 144433
4953 106294591 32 32 32 32 32 32 32 106 106 106 106 106 106 106 379 379 387 387 387 387 387 1498 1527 1599 1601 1601 1601 1602 5418 6055 6629 6734 6757 6767 6773 14026 22269 27045 28798 29372 29582 29692 14026 58469 101902 120680 128110 130859 132329
2023 2376682 2 2 2 2 2 2 2 3 3 3 3 3 3 3 8 8 8 8 8 8 8 41 41 41 41 41 41 41 134 171 171 174 177 179 179 356 636 651 707 730 742 747 356 1595 2204 2680 2933 3039 3072
1091 42331492 6 6 6 6 6 6 6 34 34 34 34 34 34 34 155 155 155 155 155 155 155 622 638 651 652 652 654 654 2258 2514 2652 2681 2705 2751 2751 5968 9253 10776 11275 11576 11907 11950 5968 24507 40637 47219 50387 52827 53427
2841 43734349 11 11 11 11 11 11 11 43 43 43 43 43 43 43 165 165 165 165 165 165 165 664 679 680 702 702 702 702 2314 2545 2654 2834 2843 2848 2848 5817 9076 10492 11929 12125 12223 12235 5817 24050 39856 50504 53329 54556 55024
7457 18651795 2 2 2 2 2 2 2 15 15 15 15 15 15 15 55 56 56 56 56 56 56 245 256 256 256 256 256 256 950 1096 1117 1127 1128 1129 1129 2574 4255 4908 5138 5230 5263 5267 2574 11345 18832 21759 22966 23401 23558
981 99945814 13 13 13 13 13 13 13 62 62 63 63 63 63 63 236 238 259 269 269 269 269 1131 1190 1294 1355 1360 1360 1360 4325 5077 5769 6159 6231 6250 6254 11387 18819 23873 26578 27559 27878 27968 11387 49644 89378 110944 119999 123589 125000
2067 11773319 5 5 5 5 5 5 5 14 14 14 14 14 14 14 45 45 45 45 45 45 45 143 156 156 156 156 156 156 581 727 750 759 768 768 768 1549 2774 3108 3249 3363 3375 3396 1549 7347 11612 13342 14485 14730 14980
5541 474034 2 2 2 2 2 2 2 4 4 4 4 4 4 4 6 6 6 6 6 6 6 10 10 10 10 10 10 10 29 31 36 36 36 36 36 75 120 151 154 154 154 154 75 302 546 614 623 629 631
7167 60953 2 2 2 2 2 2 2 3 3 3 3 3 3 3 3 3 3 3 3 3 3 6 6 6 6 6 6 6 10 10 10 10 10 10 10 19 23 23 23 23 23 23 19 56 85 91 92 92 92
4537 41950527 3 3 3 3 3 3 3 29 29 29 29 29 29 29 139 141 143 143 143 143 143 538 593 618 622 623 623 624 1982 2393 2602 2673 2686 2696 2707 5149 8990 10791 11582 11799 11910 11992 5149 23458 40109 47805 50575 51958 52713
1587 56317145 14 14 14 14 14 14 14 46 46 46 46 46 46 46 183 183 183 185 185 185 185 724 760 769 779 780 781 781 2656 3113 3292 3416 3436 3467 3467 7032 11797 13990 15062 15415 15718 15765 7032 31127 52659 63028 67047 69731 70471
3473 3476821 2 2 2 2 2 2 2 6 6 6 6 6 6 6 17 17 17 17 17 17 17 57 57 57 57 57 57 57 213 219 229 229 229 229 229 563 772 959 984 996 1000 1005 563 1994 3605 4071 4237 4319 4361
9253 359160163 54 54 54 54 54 54 54 242 249 249 249 249 249 249 1013 1073 1081 1087 1087 1088 1092 4175 4740 4899 5002 5005 5022 5038 15325 19444 20964 21956 22192 22394 22512 40162 73450 87613 95643 98458 100115 100937 40162 193951 331563 402452 430558 444735 451621
8101 21795958 1 1 1 1 1 1 1 15 15 15 15 15 15 15 73 73 73 73 73 73 73 278 292 295 295 295 295 297 1022 1223 1271 1295 1309 1309 1336 2658 4694 5444 5714 5895 5944 6111 2658 12371 20240 23757 25614 26167 27180
113 395361 3 3 3 3 3 3 3 4 4 4 4 4 4 4 6 6 6 6 6 6 6 10 10 10 10 10 10 10 21 21 25 25 25 25 25 45 57 101 101 102 102 102 45 155 435 470 514 515 527
9653 324542 1 1 1 1 1 1 1 2 2 2 2 2 2 2 3 3 3 3 3 3 3 7 7 7 7 7 7 7 22 22 22 22 22 22 22 68 86 100 100 100 100 100 68 224 406 428 436 437 437
759 49776779 13 13 13 13 13 13 13 52 52 52 52 52 52 52 171 172 172 172 172 172 172 656 692 693 707 708 708 708 2499 2944 3018 3141 3167 3173 3182 6562 10920 12372 13410 13776 13870 13976 6562 28974 46377 55984 59844 61283 62313
8623 9660451 3 3 3 3 3 3 3 9 9 9 9 9 9 9 32 32 32 32 32 32 32 147 147 147 147 147 147 147 565 602 620 628 633 633 633 1529 2300 2565 2719 2789 2805 2807 1529 6006 9238 11082 11830 12103 12201
7103 39613649 5 5 5 5 5 5 5 27 27 27 27 27 27 27 111 111 116 116 116 116 116 498 515 578 578 578 580 580 1885 2169 2453 2467 2475 2492 2493 5023 8432 10374 10773 10973 11122 11154 5023 22431 39545 45437 48129 49695 50112
8879 16543423 4 4 4 4 4 4 4 18 18 18 18 18 18 18 64 64 64 64 64 64 64 263 268 268 269 269 269 269 892 991 1025 1039 1045 1053 1053 2328 3696 4152 4426 4505 4583 4588 2328 9815 15740 18702 19734 20360 20537
7517 26011894 3 3 3 3 3 3 3 16 17 17 17 17 17 17 68 78 78 78 78 78 78 277 325 340 346 346 347 347 1050 1395 1567 1632 1637 1661 1665 2805 5278 6624 7237 7338 7510 7555 2805 13820 24983 30093 31535 32853 33291
5379 7032892 4 4 4 4 4 4 4 8 8 8 8 8 8 8 28 28 28 28 28 28 28 98 105 105 105 105 105 105 356 398 438 447 455 455 455 927 1484 1833 1960 2022 2034 2034 927 3977 6798 8000 8707 8917 8939
3059 80782913 10 10 10 10 10 10 10 49 49 49 49 49 49 49 245 245 245 245 245 245 245 1135 1153 1179 1186 1189 1189 1189 4259 4616 4961 5075 5133 5150 5152 11088 16970 20152 21553 22196 22403 22461 11088 44565 76435 90944 97490 99868 100915
2257 75818666 9 9 9 9 9 9 9 33 33 33 33 33 42 42 155 155 157 157 157 207 207 707 731 761 776 778 1051 1051 2569 2972 3246 3416 3468 4793 4793 6766 11126 13375 14689 15173 21303 21348 6766 29425 50192 61307 65653 93898 94734
5389 705342 1 1 1 1 1 1 1 2 2 2 2 2 2 2 5 5 5 5 5 5 5 14 14 16 16 16 16 16 48 48 60 60 60 60 60 117 178 230 231 231 231 231 117 454 842 920 940 942 954
9849 4608185 2 2 2 2 2 2 2 3 3 3 3 3 3 3 14 14 14 14 14 14 14 63 63 63 63 63 63 63 227 246 256 259 259 268 268 606 975 1187 1230 1239 1284 1285 606 2633 4711 5304 5577 5788 5823
2497 26529580 4 4 4 4 4 4 4 30 30 30 30 30 30 30 120 120 120 120 120 122 122 411 421 423 423 423 438 438 1462 1595 1656 1673 1675 1762 1765 3805 5697 6504 6767 6837 7282 7343 3805 15054 24599 28534 29993 32530 33021
7477 495940 1 1 1 1 1 1 1 3 3 3 3 3 3 3 7 7 7 7 7 7 7 15 15 15 15 15 15 15 32 33 33 33 33 33 33 78 119 132 134 134 134 134 78 308 534 642 656 660 660
437 614489097 84 84 84 84 84 84 84 415 415 422 422 422 422 422 1842 1874 1905 1915 1923 1923 1923 7750 8175 8443 8564 8630 8635 8635 28944 34029 36605 37877 38579 38678 38707 76602 128323 153399 165127 171124 172572 173223 76602 338151 579532 691355 744548 763577 772016
1623 9329513 3 3 3 3 3 3 3 4 4 4 4 4 4 4 32 32 32 32 32 32 32 127 130 133 133 133 133 133 491 568 623 623 623 625 625 1286 2081 2510 2570 2602 2676 2676 1286 5458 9363 10470 11003 11570 11643
2311 55995181 5 5 5 5 5 5 5 42 42 42 42 42 42 42 189 189 189 189 189 189 189 792 824 833 836 846 846 847 2991 3392 3511 3621 3682 3683 3689 7876 12481 14264 15266 15747 15803 15924 7876 32693 53410 63739 68406 69654 70828
4877 22353358 3 3 3 3 3 3 3 17 17 17 17 17 17 17 71 71 74 74 74 74 74 321 324 333 334 334 334 334 1237 1329 1426 1446 1461 1463 1465 3293 5101 6015 6349 6497 6533 6578 3293 13304 22086 25910 27510 28077 28526
2963 12408682 2 2 2 2 2 2 2 14 14 14 14 14 14 14 46 46 46 46 46 46 46 162 166 166 166 166 166 166 615 717 754 755 756 756 756 1645 2780 3253 3373 3416 3422 3429 1645 7354 12428 14248 14968 15197 15316
8551 15650926 4 4 4 4 4 4 4 14 14 14 14 14 14 14 61 61 61 61 61 61 61 210 215 217 217 217 217 217 785 953 982 989 990 990 990 2055 3757 4244 4394 4470 4503 4518 2055 9967 15921 18166 19314 19720 19902
2691 9115846 2 2 2 2 2 2 2 10 10 10 10 10 10 10 30 32 32 32 32 32 32 102 125 125 125 125 125 125 391 559 566 570 572 572 572 1011 2126 2420 2499 2529 2548 2548 1011 5695 9164 10500 10937 11192 11249
1399 236312125 40 40 40 40 40 40 40 159 159 159 163 163 163 163 723 725 728 740 740 740 740 3151 3269 3302 3375 3394 3396 3400 11986 13529 14122 14659 14816 14847 14904 31611 51106 59325 63849 65679 66246 66758 31611 134313 223917 267441 286626 293692 298395
6471 623375 1 1 1 1 1 1 1 2 2 2 2 2 2 2 5 5 5 5 5 5 5 10 10 10 10 10 10 10 42 48 48 48 48 48 48 112 161 170 178 178 183 183 112 456 642 759 781 813 819
5537 8873048 4 4 4 4 4 4 4 13 13 13 13 13 13 13 41 41 41 41 41 41 41 128 129 137 137 137 137 137 461 516 582 582 589 589 589 1177 1859 2361 2401 2510 2513 2522 1177 4928 8899 9866 10818 10974 11102
6427 24288824 5 5 5 5 5 5 5 19 19 19 19 19 19 19 79 79 79 79 79 79 79 336 349 350 355 355 355 355 1259 1491 1557 1616 1627 1627 1628 3198 5534 6367 6829 6990 7015 7035 3198 14765 24195 28490 30433 30932 31202
2883 144125 2 2 2 2 2 2 2 3 3 3 3 3 3 3 3 3 3 3 3 3 3 6 6 6 6 6 6 6 17 17 17 17 17 17 17 31 41 50 52 52 52 52 31 93 176 193 197 197 197
6301 12202873 4 4 4 4 4 4 4 18 18 18 18 18 18 18 56 56 56 56 56 56 56 190 190 192 192 192 192 192 662 710 747 747 749 751 777 1753 2720 3237 3331 3364 3379 3541 1753 7210 12209 13913 14502 14723 15506
3091 61599295 9 9 9 9 9 9 9 32 33 33 33 33 33 33 135 153 153 153 153 153 153 615 788 790 793 793 796 796 2438 3612 3735 3754 3769 3846 3850 6427 13740 15822 16441 16791 17351 17461 6427 36189 59398 68460 72640 76302 77383
5303 6156927 3 3 3 3 3 3 3 7 7 7 7 7 7 7 24 24 24 24 24 24 24 85 85 86 86 92 92 92 310 320 335 346 387 387 387 776 1098 1258 1339 1597 1603 1634 776 2919 4696 5479 6977 7165 7466
6421 12722306 3 3 3 3 3 3 3 5 5 5 5 5 5 5 30 30 30 30 30 30 30 140 140 140 140 141 141 141 608 663 722 758 775 775 775 1661 2654 3176 3471 3593 3614 3614 1661 7131 11942 14328 15323 15772 15927
3499 47538707 6 6 6 6 6 6 6 31 31 31 31 31 31 31 136 136 136 144 144 144 144 595 611 622 668 668 668 668 2219 2530 2651 2887 2900 2901 2901 5914 9709 11260 12915 13119 13197 13255 5914 25721 42972 54724 57569 58806 59542
5113 513175552 81 81 81 81 81 81 81 380 380 380 380 380 380 380 1630 1657 1661 1665 1665 1665 1665 6624 6985 7114 7154 7156 7166 7167 24912 29162 30889 31690 31911 32028 32070 66136 110297 129962 138722 142050 143503 144122 66136 290682 490069 581363 619155 636355 643309
8413 14165674 1 1 1 1 1 1 1 8 8 8 8 8 8 8 35 35 36 36 36 36 36 185 194 210 210 210 210 210 727 866 958 963 966 966 966 1926 3170 3856 3984 4057 4081 4104 1926 8410 14514 16544 17580 17849 18177
2917 568107860 60 60 60 60 60 60 60 368 368 368 368 368 368 368 1661 1700 1705 1712 1712 1712 1712 7228 7708 7841 7900 7916 7928 7928 27328 32406 34384 35208 35542 35685 35726 72322 122853 144072 153525 157521 159394 160072 72322 323289 541718 641940 684914 704475 712438
3273 52180050 11 11 11 11 11 11 11 41 41 41 41 41 41 41 189 189 191 191 193 193 193 732 737 753 767 798 804 804 2757 2997 3158 3260 3419 3464 3464 7160 10935 12651 13547 14470 14834 14857 7160 28897 47240 55902 62279 64957 65674
5621 89570127 8 8 8 8 8 8 8 56 56 56 56 56 56 56 264 265 265 265 265 265 265 1182 1208 1221 1233 1235 1236 1236 4462 5062 5263 5355 5392 5411 5414 12020 19739 22671 23962 24491 24698 24783 12020 52737 86246 100984 107181 109824 110983
5441 7575214 3 3 3 3 3 3 3 6 6 6 6 6 6 6 20 20 20 20 20 20 20 94 99 99 99 102 102 102 392 475 483 492 509 514 514 1051 1767 1936 2042 2126 2168 2168 1051 4776 7395 8583 9247 9635 9681
9407 2117839 2 2 2 2 2 2 2 3 3 3 3 3 3 3 12 12 12 12 12 12 12 46 46 46 46 46 46 46 165 174 174 174 174 174 174 433 608 647 663 663 664 664 433 1535 2267 2552 2629 2700 2749
7877 25337590 6 6 6 6 6 6 6 17 17 17 17 17 17 17 76 76 76 76 76 76 76 302 308 308 321 321 321 321 1206 1409 1464 1592 1600 1602 1602 3260 5332 6140 7032 7189 7235 7249 3260 14022 22947 29128 31024 31654 31915
637 128071368 17 17 17 17 17 17 17 79 79 79 79 79 79 80 423 423 423 423 423 423 434 1754 1794 1808 1835 1835 1837 1918 6351 7166 7560 7835 7847 7873 8328 16724 26713 31056 33341 33824 34182 36197 16724 70688 117590 139491 146992 151153 161247
1299 40544516 12 12 12 12 12 12 12 42 42 42 42 42 42 42 156 160 160 160 160 160 160 497 574 581 582 592 592 592 1634 2249 2370 2405 2525 2531 2534 4133 8326 9831 10282 11142 11239 11296 4133 22010 37122 42855 48486 49846 50521
2111 16133035 5 5 5 5 5 5 5 20 20 20 20 20 20 20 67 67 68 68 68 68 68 206 209 228 228 228 228 228 753 834 1004 1011 1013 1014 1015 2009 3119 4258 4416 4507 4525 4565 2009 8182 16219 18656 19806 20144 20492
1731 4786077 3 3 3 3 3 3 3 6 6 6 6 6 6 6 19 19 19 19 19 19 19 84 84 84 84 84 84 84 307 319 322 324 325 325 325 788 1147 1260 1344 1360 1365 1367 788 3028 4720 5715 5943 6022 6068
2269 6424388 2 2 2 2 2 2 2 5 5 5 5 5 5 5 24 24 24 24 24 24 24 95 106 109 109 109 109 109 332 406 447 447 448 448 448 821 1448 1739 1781 1822 1830 1831 821 3814 6669 7515 8003 8212 8288
9557 4324367 1 1 1 1 1 1 1 4 4 4 4 4 4 4 18 18 18 18 18 18 18 56 56 56 56 56 56 56 189 216 220 227 227 231 231 487 845 1004 1112 1118 1142 1142 487 2252 3937 4834 5059 5242 5263
6577 1676240 2 2 2 2 2 2 2 8 8 8 8 8 8 8 12 12 12 12 12 12 12 37 37 37 37 37 37 37 123 125 126 126 126 126 126 325 406 469 496 498 498 499 325 1034 1668 2027 2070 2109 2126
4033 19723478 1 1 1 1 1 1 1 10 10 10 10 10 10 10 58 61 61 61 61 61 61 228 265 274 274 274 274 274 927 1169 1274 1278 1290 1301 1301 2394 4173 5095 5305 5446 5549 5560 2394 10794 19155 22135 23661 24400 24545
9829 28869038 1 1 1 1 1 1 1 24 24 24 24 24 24 24 88 89 89 89 89 89 89 323 362 387 387 388 388 388 1150 1501 1659 1695 1706 1706 1710 3051 5869 7239 7735 7887 7921 7974 3051 15690 27487 32555 34518 35299 35865
3921 52984376 9 9 9 9 9 9 9 44 44 44 44 44 44 44 180 180 180 180 180 180 180 725 736 741 762 762 766 766 2688 3007 3150 3336 3342 3391 3394 7172 11391 13177 14628 14827 15153 15240 7172 29584 49020 60847 63864 66416 67397
4183 340140 2 2 2 2 2 2 2 2 2 2 2 2 2 2 3 3 3 3 3 3 3 9 9 9 9 9 9 9 27 27 27 27 27 27 27 68 95 102 105 105 105 105 68 238 366 412 421 428 433
5009 22582408 1 1 1 1 1 1 1 11 11 11 11 11 11 11 54 54 54 54 54 54 54 275 279 280 292 292 292 292 1056 1178 1213 1350 1350 1350 1350 2767 4512 5181 6275 6327 6356 6367 2767 11889 19557 26287 27515 27948 28167
2469 55591978 6 6 6 6 6 6 6 38 38 38 38 38 38 38 171 177 177 177 177 177 177 745 798 799 799 799 799 799 2910 3389 3477 3498 3504 3506 3506 7647 12815 14598 15183 15423 15543 15586 7647 33494 54518 63005 66809 68430 69146
3247 24194280 1 1 1 1 1 1 1 12 12 12 12 12 12 12 66 66 66 66 66 66 66 298 301 304 311 311 311 311 1152 1337 1378 1453 1460 1460 1467 3135 5347 6031 6658 6751 6819 6855 3135 14091 22719 28068 29446 30176 30547
3049 29012328 5 5 5 5 5 5 5 26 26 28 28 28 28 28 89 89 99 99 99 99 99 325 331 429 429 429 429 429 1151 1280 1766 1783 1785 1791 1791 3046 4975 7665 7949 8040 8205 8240 3046 13147 29028 33087 34479 35944 36377
2807 236619367 22 22 22 22 22 22 22 140 140 140 140 140 140 140 701 754 754 756 756 756 756 2861 3256 3279 3329 3333 3342 3342 10783 13721 14232 14659 14763 14860 14865 28280 51859 59472 63915 65455 66381 66639 28280 137659 225113 268864 286120 294768 297915
5761 3454475 2 2 2 2 2 2 2 7 7 7 7 7 7 7 16 16 16 16 16 16 16 57 57 57 57 57 57 57 183 202 202 207 207 207 207 463 748 816 881 912 947 948 463 1921 3033 3722 3996 4250 4286
2739 221684520 21 21 21 21 21 21 21 123 123 123 123 123 123 123 689 699 702 702 702 702 702 3075 3199 3269 3274 3278 3278 3279 11321 12784 13664 13852 13959 14000 14055 29778 47969 57212 60167 61547 62171 62568 29778 126542 215553 251835 267704 274828 278495
6587 50907915 12 12 12 12 12 12 12 46 46 46 46 46 46 46 156 156 158 158 158 158 158 593 623 668 671 672 672 672 2165 2525 2921 2965 3002 3014 3021 5782 9643 12571 13254 13619 13798 13908 5782 25558 48045 55855 59559 61487 62467
5589 1670418 2 2 2 2 2 2 2 5 5 5 5 5 5 5 11 11 11 11 11 11 11 26 26 26 26 26 26 26 93 110 110 115 115 115 115 275 458 498 531 540 543 543 275 1208 1737 2025 2134 2171 2171
6307 132658 1 1 1 1 1 1 1 2 2 2 2 2 2 2 3 3 3 3 3 3 3 4 4 4 4 4 4 4 12 12 12 12 12 12 12 32 46 50 50 50 50 50 32 103 156 170 172 172 172
1881 44676651 11 11 11 11 11 11 11 40 40 40 40 40 40 40 130 133 133 133 133 133 133 480 548 554 558 558 558 558 1870 2425 2610 2679 2720 2732 2738 4958 9232 10982 11864 12230 12467 12530 4958 24690 41889 50135 53874 55823 56562
9927 1222877 1 1 1 1 1 1 1 2 2 2 2 2 2 2 8 8 8 8 8 8 8 23 23 23 23 23 23 23 68 77 82 82 82 82 82 165 261 346 350 350 354 354 165 704 1356 1516 1557 1598 1610
2209 1450322990 198 199 203 203 203 203 203 988 1001 1044 1044 1044 1044 1044 4440 4572 4786 4793 4794 4802 4802 18300 19600 20713 20829 20863 20965 20966 67757 80859 88669 90624 91323 92141 92258 177789 302995 368669 391617 400896 407729 409672 177789 796756 1385730 1632858 1738643 1797511 1818869
4153 1744174 2 2 2 2 2 2 2 2 2 2 2 2 2 2 4 4 4 4 4 4 4 37 37 37 37 37 37 37 129 132 132 132 132 132 132 311 428 494 503 503 503 508 311 1052 1770 1991 2055 2073 2137
1171 24243289 8 8 8 8 8 8 8 25 25 25 25 25 25 25 90 90 90 90 90 90 90 391 396 397 397 398 398 398 1361 1498 1551 1576 1597 1601 1606 3519 5467 6239 6620 6825 6914 6956 3519 14299 23332 27418 29566 30558 30908
4783 22035755 2 2 2 2 2 2 2 15 15 15 15 15 15 15 63 63 63 63 63 63 63 268 274 278 278 280 280 280 1033 1192 1269 1280 1293 1294 1294 2757 4622 5612 5889 6033 6090 6101 2757 12057 21375 24911 26557 27214 27484
873 315599914 35 35 35 35 35 35 35 198 198 198 198 198 198 198 945 946 950 950 960 961 961 4086 4221 4273 4292 4366 4421 4421 15493 17776 18619 18934 19432 19859 19870 40623 67617 78591 83102 86537 89218 89485 40623 178114 294352 345400 374465 393026 396866
1127 204730366 29 29 29 29 29 29 29 148 148 148 148 148 148 148 617 622 622 628 628 628 628 2709 2829 2843 2914 2919 2919 2919 10108 11760 12190 12695 12842 12853 12858 26453 43850 50536 55092 56683 57098 57351 26453 115429 190948 231264 247872 253302 256465
6201 16901666 3 3 3 3 3 3 3 10 10 10 10 10 10 10 50 50 50 50 50 50 50 195 196 197 197 197 197 197 764 905 972 973 979 979 979 2104 3510 4389 4598 4685 4711 4729 2104 9221 16695 19522 20692 21095 21336
9243 9975073 3 3 3 3 3 3 3 7 7 7 7 7 7 7 27 27 27 27 27 27 27 98 98 98 108 108 108 108 351 393 455 535 537 540 540 991 1656 2187 2605 2654 2715 2727 991 4327 8339 11099 11777 12293 12399
9931 130274663 7 7 7 7 7 7 7 79 79 79 79 79 79 79 370 377 378 383 385 385 385 1655 1738 1773 1812 1819 1819 1829 6338 7329 7685 7949 8014 8033 8112 16621 27347 31956 34541 35412 35807 36265 16621 71185 120144 144533 154156 158482 161715
4073 83112924 8 8 8 8 8 8 8 39 43 43 43 43 43 43 209 225 225 225 225 225 225 999 1134 1135 1138 1140 1140 1140 4048 5075 5217 5281 5309 5318 5329 10656 19412 21750 22758 23251 23465 23614 10656 51296 81797 94418 100293 102989 104460
6303 75581951 11 11 11 11 11 11 11 60 60 60 60 60 60 60 263 265 265 265 266 266 266 1011 1076 1081 1082 1090 1090 1092 3834 4521 4699 4763 4828 4835 4849 10292 17082 19751 20741 21311 21447 21652 10292 44908 73572 85660 91231 93226 94946
7177 29671148 7 7 7 7 7 7 7 38 38 38 38 38 38 38 112 112 112 112 112 112 112 398 415 433 433 433 433 433 1449 1653 1778 1816 1816 1819 1822 3790 6269 7504 8030 8114 8170 8186 3790 16487 28483 33826 35536 36378 36668
317 12024513 5 5 5 5 5 5 5 8 8 8 8 8 8 8 29 29 29 29 29 29 29 138 147 147 148 148 148 152 572 651 677 700 703 703 747 1528 2481 2879 3109 3151 3177 3458 1528 6516 10971 12961 13580 13951 15342
5883 11998909 3 3 3 3 3 3 3 9 9 9 9 9 9 9 45 45 45 45 45 45 45 170 170 178 186 186 186 186 588 636 682 760 760 766 766 1492 2308 2725 3325 3350 3419 3426 1492 5953 10131 13902 14535 15049 15178
2369 14867989 2 2 2 2 2 2 2 7 7 7 7 7 7 7 26 31 33 33 33 33 33 137 185 196 196 196 196 196 505 783 893 901 902 906 906 1326 3023 3819 3951 4016 4050 4059 1326 8020 14705 17069 17981 18520 18651
4453 4286321 2 2 2 2 2 2 2 8 8 8 8 8 8 8 23 23 23 23 23 23 23 62 64 64 71 71 71 71 171 195 196 225 231 231 234 376 630 747 927 989 1001 1045 376 1692 2940 4129 4623 4794 5063
1039 18805178 7 7 7 7 7 7 7 18 18 18 18 18 18 18 66 68 68 68 68 68 68 269 282 293 295 295 295 295 980 1141 1238 1254 1261 1261 1267 2648 4384 5039 5271 5387 5400 5470 2648 11634 18860 21762 23016 23392 23893
8999 9520035 2 2 2 2 2 2 2 6 6 6 6 6 6 6 34 34 34 34 34 34 34 128 131 131 131 131 131 131 471 507 517 551 551 551 556 1259 1921 2126 2478 2521 2544 2569 1259 5024 8094 10640 11109 11429 11732
7619 22305308 2 2 2 2 2 2 2 13 13 13 13 13 13 13 56 59 59 59 59 59 59 234 256 268 268 268 268 268 961 1237 1345 1357 1360 1364 1364 2478 4796 5798 6040 6161 6236 6252 2478 12686 21793 25382 26896 27804 28030
167 138068712 27 27 27 27 27 27 27 113 114 114 114 114 114 114 433 450 453 453 453 455 455 1652 1798 1880 1881 1882 1925 1925 6053 7445 8148 8241 8312 8621 8656 15898 28333 34345 35966 36816 38547 38872 15898 74230 129395 150716 160639 170899 173599
4817 9334613 3 3 3 3 3 3 3 8 8 8 8 8 8 8 30 30 30 30 30 30 30 127 130 130 130 130 130 130 493 558 566 580 581 581 581 1270 2005 2253 2514 2564 2578 2585 1270 5260 8390 10671 11428 11588 11714
4233 54289092 6 6 6 6 6 6 6 31 31 31 31 31 31 31 177 177 177 177 177 177 177 745 773 781 784 784 784 784 2795 3165 3351 3384 3389 3399 3407 7389 12258 14397 14959 15181 15310 15417 7389 32476 54989 62722 66079 67811 68910
311 105740757 12 12 12 12 12 12 12 54 54 54 54 54 54 54 279 296 296 296 296 296 296 1284 1451 1473 1476 1486 1486 1486 4843 6170 6525 6622 6717 6730 6745 12781 23250 27235 28632 29533 29775 29912 12781 61657 102719 119308 128380 131405 132924
121 195628213 28 28 28 28 28 28 28 122 123 123 123 123 123 123 565 576 580 580 593 593 593 2398 2548 2584 2597 2774 2774 2776 8996 10543 11021 11264 12341 12374 12429 23764 39879 46062 49022 54836 55366 55856 23764 104800 172272 203198 236954 243090 247431
8807 41481417 3 3 3 3 3 3 3 20 20 20 20 20 20 20 99 99 99 101 101 101 101 509 535 535 549 549 549 549 1946 2253 2355 2463 2478 2493 2493 5071 8457 9978 10844 11052 11246 11319 5071 22320 37903 45989 48714 50419 51400
#resid 7938460 7936344 7938852 7937155 7935380
