# q=5 mode=iid roots=300 cp_lo=4 cp_hi=8 buf_lo=9 buf_hi=13 seed=2026
# root nvisited then n_cp*n_buf cumulative counts N(val<=cp[ci], pmax<=buf[bi]) row-major ci,bi
1077 230423 4 4 4 4 4 6 6 6 6 6 17 19 19 19 19 65 75 75 75 75 222 319 327 335 335
1699 35166192 105 105 105 105 105 494 495 495 495 495 2111 2138 2150 2154 2154 8806 9361 9597 9683 9711 33070 39192 42017 43051 43583
303 2357642 4 4 4 4 4 27 27 27 27 27 124 124 124 124 124 589 607 638 638 638 2249 2530 2810 2860 2867
9511 2847927 4 4 4 4 4 37 37 37 37 37 174 174 174 175 175 745 756 782 796 796 2723 3041 3279 3418 3444
2921 3179964 12 12 12 12 12 43 43 43 43 43 195 195 195 195 195 860 895 910 926 932 3101 3610 3792 3966 4006
9989 18963 2 2 2 2 2 3 3 3 3 3 3 3 3 3 3 8 8 8 8 8 33 34 35 35 35
9469 275904 5 5 5 5 5 10 10 10 10 10 25 26 26 26 26 76 94 96 96 96 223 324 337 338 341
881 30660343 99 99 99 100 100 429 429 429 437 437 1878 1897 1901 1971 1977 7704 8135 8278 8694 8767 28584 33690 35425 37986 38578
3817 589639 3 3 3 3 3 6 6 6 6 6 25 25 25 25 25 164 164 171 171 171 635 673 755 758 758
6823 460544 3 3 3 3 3 5 5 5 5 5 24 24 24 24 24 111 130 130 130 130 391 536 553 560 560
5489 79661 1 1 1 1 1 3 3 3 3 3 11 11 11 11 11 31 31 31 31 31 111 121 126 126 126
4229 104303 1 1 1 1 1 5 5 5 5 5 10 10 10 10 10 34 37 37 37 37 112 137 137 148 148
9383 368884 3 3 3 3 3 7 7 7 7 7 26 26 26 26 26 118 125 125 125 125 421 472 477 481 481
1931 196193 2 2 2 2 2 5 5 5 5 5 7 7 7 7 7 43 47 47 47 47 171 243 243 243 243
4409 1367292 6 6 6 6 6 28 28 28 28 28 95 95 95 95 95 385 417 422 422 422 1416 1690 1756 1803 1811
3647 95869 2 2 2 2 2 3 3 3 3 3 5 5 5 5 5 18 18 18 18 19 61 61 93 95 119
9637 235407 2 2 2 2 2 5 5 5 5 5 12 12 12 12 12 74 78 79 81 81 257 292 300 317 317
9697 9439861 16 16 16 16 16 92 92 95 95 95 466 467 511 511 511 2137 2199 2487 2495 2500 8569 9674 11425 11675 11765
8649 5915264 25 25 25 25 25 92 92 92 92 92 373 380 381 382 382 1440 1563 1608 1630 1630 5388 6557 7137 7353 7381
2967 778705 5 5 5 5 5 14 14 14 14 14 50 50 50 50 50 190 190 191 191 191 752 850 889 903 920
1657 701889 4 4 4 4 4 13 13 13 13 13 37 37 37 37 37 174 176 177 177 177 768 860 894 897 900
4433 25305 3 3 3 3 3 4 4 4 4 4 8 8 8 8 8 21 21 21 21 21 46 46 46 46 46
7777 3176412 3 3 3 3 3 26 26 26 26 26 123 133 134 134 134 621 720 753 753 753 2636 3499 3844 3897 3908
943 151030 4 4 4 4 4 8 8 8 8 8 18 18 18 18 18 59 59 59 59 59 174 199 210 211 211
6521 1759742 4 4 4 4 4 30 30 30 30 30 133 133 133 133 133 540 547 558 558 558 1995 2174 2296 2315 2322
2081 28189 2 2 2 2 2 5 5 5 5 5 10 10 10 10 10 25 25 25 25 25 59 62 62 62 62
9753 5008670 7 7 7 7 7 73 73 73 73 73 344 347 347 347 347 1416 1456 1475 1478 1478 5187 5971 6293 6376 6429
1069 412518 2 2 2 2 2 9 9 9 9 9 27 27 27 27 27 117 120 120 123 123 406 496 504 526 527
653 5667916 9 9 9 9 9 52 52 55 55 55 291 294 343 344 344 1171 1254 1531 1557 1568 4415 5268 6759 7028 7173
1573 732941 3 3 3 3 3 6 6 6 6 6 29 31 31 31 31 129 151 156 168 168 500 738 796 841 842
7977 133228 3 3 3 3 3 5 5 5 5 5 10 10 10 10 10 53 59 59 59 59 176 205 209 209 211
4823 4999188 9 9 9 9 9 51 51 51 51 53 253 255 255 255 268 1204 1274 1310 1310 1385 4550 5280 5684 5771 6141
2579 3948503 13 13 13 13 13 58 59 59 59 59 247 253 253 253 253 1123 1184 1200 1202 1210 4141 4726 4949 5031 5096
9889 169358 3 3 3 3 3 7 7 7 7 7 22 22 22 22 22 69 69 69 69 70 217 234 236 239 253
8811 1527232 2 2 2 2 2 15 15 15 15 15 61 61 67 67 67 329 337 376 384 384 1284 1420 1689 1763 1769
1491 476749 5 5 5 5 5 13 13 13 13 13 38 38 38 38 38 138 140 140 141 141 515 596 605 630 633
1079 7627727 20 22 22 22 22 83 110 112 112 112 361 494 517 517 517 1459 2025 2178 2183 2190 5426 8376 9319 9458 9532
3649 348041 3 3 3 3 3 5 5 5 5 5 20 20 20 20 20 80 82 82 82 82 298 344 349 377 377
7071 465665 1 1 1 1 1 7 7 7 7 7 39 39 39 39 39 132 136 140 140 140 437 525 594 594 597
3721 727703 7 7 7 7 7 20 20 20 20 20 71 71 71 71 71 239 242 242 242 242 745 854 875 897 906
4049 144568 2 2 2 2 2 2 2 2 2 2 7 7 7 7 7 23 36 36 36 36 60 140 154 170 171
3927 958532 3 3 3 3 3 16 16 16 16 16 69 69 69 69 69 280 282 285 285 285 1015 1135 1185 1200 1207
109 453497890 1411 1431 1435 1435 1435 6112 6329 6379 6380 6382 26263 27813 28121 28205 28248 110254 121874 125016 126454 126983 416605 511681 546047 561389 567649
8309 153330 1 1 1 1 1 3 3 3 3 3 12 12 12 12 12 46 47 47 50 50 149 189 189 198 198
8129 96195 1 1 1 1 1 4 4 4 4 4 7 7 7 7 7 21 21 21 21 21 72 77 79 81 81
7069 2036629 4 4 4 4 4 14 14 14 14 14 119 119 119 119 119 518 530 534 534 535 2024 2360 2442 2468 2481
1401 928863 3 3 3 3 3 13 13 14 14 14 56 56 76 76 76 188 196 281 281 281 734 862 1214 1229 1230
2793 521349 2 2 2 2 2 7 7 7 7 7 22 22 22 22 22 118 122 122 127 127 456 531 545 589 593
9041 977917 1 1 1 1 1 6 10 10 10 10 33 57 57 57 57 166 275 276 276 276 679 1160 1203 1209 1210
377 2388785 8 8 8 8 8 36 36 36 36 36 140 140 140 140 140 661 668 673 680 682 2613 2816 2979 3037 3060
219 866650 2 2 2 2 2 7 7 7 7 7 45 45 46 46 46 238 244 259 259 259 877 988 1088 1105 1113
6749 1196869 4 4 4 4 4 20 20 20 20 20 88 88 88 88 88 384 387 388 388 388 1432 1551 1588 1602 1603
4341 35063419 118 118 122 122 122 476 480 507 508 508 1994 2087 2225 2236 2237 8258 9138 9800 9908 9948 30804 38022 42034 43155 43717
5053 17389703 48 51 51 51 51 237 253 253 253 253 1000 1093 1106 1106 1106 4216 4772 4890 4920 4924 16165 20211 21380 21823 21988
4001 11204873 23 23 23 23 23 130 132 132 132 132 616 641 646 646 646 2746 3007 3081 3090 3094 10485 12909 13763 14045 14120
8597 539245 1 1 1 1 1 4 4 4 4 4 29 29 29 29 29 157 157 162 163 163 574 601 675 691 699
5583 838716 6 6 6 6 6 14 14 14 14 14 60 66 66 66 66 214 251 255 255 255 747 961 993 1009 1036
9399 598513 1 1 1 1 1 11 11 11 11 11 34 34 34 34 34 143 144 149 149 151 550 639 742 744 751
9441 203129 2 2 2 2 2 5 5 5 5 5 17 17 17 17 17 72 72 72 72 72 231 258 259 262 266
357 56358 2 2 2 2 2 4 4 4 4 4 7 7 7 7 7 13 13 13 13 13 50 58 61 61 61
3471 14643 1 1 1 1 1 2 2 2 2 2 3 3 3 3 3 8 8 8 8 8 29 30 30 30 30
287 19815965 50 50 50 50 50 300 300 300 300 300 1277 1287 1287 1290 1290 5221 5467 5520 5587 5593 19883 22886 23969 24689 24866
1483 18264919 58 58 58 58 58 260 260 260 260 260 1081 1102 1116 1116 1116 4607 4893 5024 5042 5059 17500 20565 22124 22547 22832
4203 583695 1 1 1 1 1 13 13 13 13 13 49 49 49 49 49 176 186 188 188 188 618 750 810 811 812
8199 560661 3 3 3 3 3 9 9 9 12 12 31 31 31 45 45 105 105 105 168 168 415 440 462 709 726
3017 197644 3 3 3 3 3 7 7 7 7 7 17 17 17 17 17 59 59 59 65 65 231 257 259 294 294
8673 61769 3 3 3 3 3 5 5 5 5 5 9 9 9 9 9 14 14 14 14 14 63 64 72 72 72
9217 267959 1 1 1 1 1 3 3 3 3 3 14 14 14 14 14 59 61 61 64 64 245 275 294 318 318
3799 3028851 5 5 5 5 5 37 37 37 37 37 174 177 181 182 182 752 776 804 821 821 2963 3301 3560 3706 3721
481 11595726 19 19 19 19 19 133 133 134 134 134 647 653 660 660 660 2853 3005 3128 3181 3189 10886 12645 13743 14322 14482
9669 3271145 12 12 12 12 12 50 50 50 50 50 203 205 205 205 205 841 864 878 881 881 3017 3554 3783 3862 3891
8521 463662 1 1 1 1 1 3 3 3 3 3 14 21 21 21 21 64 114 121 121 121 205 474 529 553 553
4429 637900 2 2 2 2 2 4 4 4 4 4 30 30 30 30 30 157 175 176 178 178 570 701 732 751 757
679 38502838 88 88 88 88 88 526 526 526 526 526 2398 2432 2437 2437 2439 10011 10549 10799 10876 10925 37083 43608 46535 47769 48237
1043 203712 5 5 5 5 5 9 9 9 9 9 23 23 23 23 23 72 72 72 77 77 211 230 235 274 274
8687 325314 2 2 2 2 2 6 6 6 6 6 18 18 18 18 18 67 68 71 71 90 210 226 258 261 382
687 6743466 23 23 23 23 23 82 82 82 82 82 352 354 359 359 359 1620 1709 1772 1792 1796 6167 7344 7978 8213 8308
2021 929593 5 5 5 5 5 17 17 17 17 17 74 74 74 74 74 273 293 293 295 295 1000 1231 1256 1283 1286
8009 112276 1 1 1 1 1 6 6 6 6 6 15 16 16 16 16 44 52 52 52 52 116 174 174 174 174
5183 12133706 31 31 31 31 31 136 136 136 136 136 698 723 734 734 734 2962 3222 3332 3356 3369 11286 13627 14479 14918 15181
5891 6032 2 2 2 2 2 2 2 2 2 2 3 3 3 3 3 5 5 5 5 5 14 14 14 14 14
5823 2636805 12 12 12 12 12 40 40 40 40 40 140 145 145 145 153 625 673 682 682 729 2312 2825 3011 3031 3292
2697 369672 3 3 3 3 3 10 10 10 10 10 31 31 31 31 31 94 100 101 103 103 323 413 431 448 448
7277 2260291 7 7 7 7 7 23 25 25 25 25 133 141 142 142 142 550 613 643 644 644 2089 2502 2791 2884 2915
797 6267483 24 24 24 24 24 93 93 93 93 93 421 422 422 422 422 1671 1725 1742 1743 1745 6296 7282 7597 7687 7769
9661 704240 1 1 1 1 1 11 11 11 11 11 41 41 41 41 41 216 218 218 218 221 790 856 890 900 926
7801 329492 3 3 3 3 3 6 6 6 6 6 22 22 22 22 22 105 106 106 106 106 401 442 449 451 452
6517 284466 1 1 1 1 1 5 5 5 5 5 13 13 13 13 13 75 75 75 75 75 281 320 339 342 348
927 7638686 24 24 24 24 24 111 111 111 111 111 520 520 525 526 526 2139 2189 2240 2249 2250 8018 9012 9529 9692 9760
7951 31314 2 2 2 2 2 2 2 2 2 2 3 3 3 3 3 7 7 7 7 7 33 34 34 34 34
1763 1420179 4 4 4 4 4 17 17 17 17 17 91 92 92 92 92 380 395 395 399 399 1420 1666 1710 1782 1786
2387 10769753 17 17 17 17 17 146 146 146 146 146 671 676 676 678 678 2881 2983 3006 3041 3050 10789 12399 12878 13325 13464
3353 2808469 10 10 10 10 10 34 34 34 34 34 165 165 166 166 166 682 684 709 717 720 2716 3104 3331 3413 3448
4071 321181 3 3 3 3 3 8 8 8 8 8 28 28 28 28 28 118 121 122 123 123 371 392 417 437 437
9161 8447 1 1 1 1 1 2 2 2 2 2 4 4 4 4 4 10 10 10 10 10 18 18 18 18 18
2439 196618 5 5 5 5 5 9 9 9 9 9 22 22 22 22 22 77 78 78 78 78 258 281 285 287 288
1729 6573847 24 24 24 24 24 115 115 115 115 115 475 482 482 482 482 1837 1942 1957 1958 1963 6797 7859 8229 8322 8405
9419 522322 1 1 1 1 1 3 3 3 3 3 24 24 24 24 24 101 124 124 124 124 443 611 642 651 653
6369 51311 1 1 1 1 1 2 2 2 2 2 5 5 5 5 5 17 17 17 17 17 75 75 75 75 88
8627 536093 2 2 2 2 2 8 8 8 8 8 41 41 41 41 41 163 163 164 164 164 640 679 713 725 726
7001 316544 3 3 3 3 3 8 8 8 8 8 26 26 26 26 26 101 101 101 101 101 347 377 384 385 385
1819 1098950 5 5 5 5 5 16 16 16 16 16 74 74 76 76 76 280 302 337 337 337 993 1186 1415 1417 1417
7831 142994 2 2 2 2 2 5 5 5 5 5 14 14 14 14 14 42 42 42 42 49 133 137 139 139 195
457 5848003 15 15 15 15 15 89 89 89 89 89 404 410 411 411 411 1590 1675 1736 1736 1736 5875 6823 7365 7449 7514
8001 1808219 8 8 8 8 8 39 39 39 39 39 142 145 145 145 145 502 528 530 530 530 1839 2180 2235 2247 2258
8233 126418 1 1 1 1 1 4 4 4 4 4 11 11 11 11 11 29 29 29 29 29 124 132 136 150 150
9781 2266866 6 6 6 6 6 44 44 44 44 44 164 164 164 164 164 669 671 687 700 700 2422 2599 2760 2860 2886
5717 356093 1 1 1 1 1 11 11 11 11 11 30 30 30 30 30 94 95 95 96 96 364 418 432 455 455
6743 3379061 8 8 8 8 8 40 40 40 40 40 176 176 177 177 177 857 864 882 882 900 3264 3634 3919 3963 4114
9087 27589 1 1 1 1 1 2 2 2 2 2 7 7 7 7 7 19 19 19 19 19 51 56 56 56 56
7451 15505963 56 56 56 56 56 241 241 241 241 241 916 926 927 930 930 3925 4113 4173 4221 4230 15057 17606 18612 19087 19247
8377 27382 2 2 2 2 2 3 3 3 3 3 5 5 5 5 5 11 11 11 11 11 40 43 43 43 43
8013 549626 1 1 1 1 1 5 5 5 5 5 34 34 34 34 34 143 146 146 146 146 536 604 651 663 668
819 1003479 4 4 4 4 4 18 18 18 18 18 71 71 71 71 71 290 293 296 302 302 1064 1187 1246 1290 1293
8003 612750 1 1 1 1 1 6 6 6 6 6 33 33 33 33 33 162 163 163 166 166 621 691 699 737 747
389 11390430 38 38 38 38 38 161 161 161 161 161 679 686 696 696 696 2889 3071 3145 3155 3163 11043 13143 13963 14163 14257
6349 933061 1 1 1 1 1 10 10 10 10 10 60 60 63 63 63 245 248 265 265 265 953 1071 1205 1213 1218
5997 286475 1 1 1 1 1 3 3 3 3 3 18 18 18 18 18 85 88 88 88 88 330 379 386 387 389
6319 1121461 4 4 4 4 4 18 18 18 18 18 82 82 82 82 82 297 305 310 313 313 1139 1295 1394 1476 1483
1271 75372 2 2 2 2 2 4 4 4 4 4 11 11 11 11 11 28 28 28 28 28 101 111 111 124 124
3167 4060439 8 8 8 8 8 50 50 50 50 50 245 245 245 246 246 1022 1054 1061 1098 1098 3948 4505 4710 5050 5065
7499 1755004 2 2 2 2 2 30 30 30 30 30 132 132 132 132 132 470 478 480 485 485 1709 1983 2072 2172 2196
7903 158282 4 4 4 4 4 9 9 9 9 9 16 16 16 16 16 49 49 49 49 49 154 160 172 172 172
5409 14453703 39 39 39 39 39 218 218 218 218 218 981 991 991 992 992 3868 4044 4071 4091 4102 14532 16865 17541 17960 18108
2277 394449 3 3 3 3 3 5 5 5 5 5 21 21 21 21 21 94 99 99 99 99 362 457 461 463 480
7401 28248583 54 54 54 54 54 338 338 339 339 339 1672 1688 1713 1720 1720 7101 7496 7734 7846 7876 26614 31536 33780 34903 35342
6027 7760 2 2 2 2 2 3 3 3 3 3 4 4 4 4 4 7 7 7 7 7 12 12 12 12 12
4911 1976872 3 3 3 3 3 21 21 21 21 21 92 95 100 100 100 466 502 524 526 526 1777 2128 2324 2383 2400
2403 298932 4 4 4 4 4 10 10 10 10 10 23 26 26 26 26 66 94 94 94 94 235 384 394 407 407
7963 25121 2 2 2 2 2 2 2 2 2 2 5 5 5 5 5 13 13 13 13 13 49 50 50 50 50
4191 87745 1 1 1 1 1 2 2 2 2 2 7 7 7 7 7 24 33 33 33 33 97 129 132 132 132
5087 733222 2 2 2 2 2 4 4 4 4 4 28 28 31 31 31 133 136 167 167 167 521 626 798 807 810
1477 381140 4 4 4 4 4 19 19 19 19 19 57 57 57 57 57 184 187 187 187 187 584 616 629 629 629
499 218278 2 2 2 2 2 4 4 4 4 4 12 12 12 12 12 41 49 49 49 49 174 225 243 245 246
5491 3648262 5 5 5 5 5 33 33 33 33 33 196 199 217 217 217 783 848 1009 1015 1015 2892 3442 4402 4541 4571
9359 7222819 6 6 6 6 6 76 76 76 76 76 407 408 408 408 408 1839 1909 1946 1969 1970 7233 8429 8945 9256 9325
9917 26481 1 1 1 1 1 2 2 2 2 2 5 5 5 5 5 13 13 14 14 14 36 44 48 48 48
8359 800118 6 6 6 6 6 22 22 22 22 22 72 72 72 72 72 234 238 243 243 245 836 937 976 991 1005
2461 90049431 274 274 274 274 274 1249 1249 1249 1249 1249 5502 5581 5607 5616 5632 23292 24453 24951 25191 25431 87952 101942 108675 111602 113482
8633 287734 1 1 1 1 1 3 3 3 3 3 16 16 16 16 16 79 79 79 79 86 275 296 303 310 355
5661 295537 2 2 2 2 2 8 8 8 8 8 29 29 29 29 29 104 104 104 104 104 345 364 380 392 392
139 11060864 31 31 31 31 31 145 150 150 150 150 660 714 715 716 716 2725 3065 3115 3173 3179 10311 12856 13456 13973 14056
9519 195861 1 1 1 1 1 4 4 4 4 4 19 19 19 19 19 52 52 52 52 52 221 239 243 243 243
279 9319645 20 20 20 20 20 136 136 136 136 136 568 579 579 579 579 2400 2555 2581 2593 2599 9169 10772 11341 11570 11685
3657 53464 2 2 2 2 2 3 3 3 3 3 3 3 3 3 3 10 10 10 10 10 39 49 49 49 49
2437 5674100 11 11 11 11 11 58 61 61 61 61 292 310 315 315 316 1296 1451 1506 1516 1541 4977 6167 6671 6881 7086
4849 2535966 14 14 14 14 14 50 50 50 50 50 153 158 158 158 158 661 703 710 711 711 2471 3015 3165 3220 3230
2761 4467699 23 23 23 23 23 88 88 88 88 88 333 333 335 335 335 1237 1292 1318 1320 1328 4258 4942 5284 5403 5534
6603 2074577 5 5 5 5 5 30 30 30 30 30 135 135 142 142 142 532 534 578 581 581 1915 2087 2431 2487 2497
1189 13808 3 3 3 3 3 3 3 3 3 3 4 4 4 4 4 8 8 8 8 8 20 20 20 20 20
5027 1251604 7 7 7 7 7 25 25 25 25 25 99 99 99 99 99 385 390 390 390 391 1374 1545 1585 1600 1617
1703 16825262 54 54 54 54 54 215 215 215 215 215 982 1001 1012 1018 1018 4094 4385 4515 4587 4600 15593 18502 19862 20559 20769
5881 638224 3 3 3 3 3 7 7 7 7 7 33 33 33 33 33 144 145 145 148 156 506 605 632 662 721
543 9088435 33 33 33 33 33 128 128 128 128 128 556 559 561 562 562 2381 2477 2551 2565 2579 8973 10203 11002 11177 11359
1519 94257 2 2 2 2 2 3 3 3 3 3 5 5 5 5 5 13 13 13 13 13 61 82 96 96 96
2913 2605526 6 6 6 6 6 31 31 31 31 31 146 146 146 146 146 656 670 677 677 696 2501 2850 2978 2999 3143
8313 126848 2 2 2 2 2 5 5 5 5 5 17 17 17 17 17 53 53 53 53 53 187 188 189 198 198
7243 4482927 16 16 16 16 16 57 57 57 57 57 221 221 221 221 221 1065 1097 1112 1114 1116 4264 4915 5322 5470 5502
6733 835861 2 2 2 2 2 11 11 11 11 11 54 54 54 54 54 201 210 220 231 235 725 869 979 1039 1059
4587 1644652 7 7 7 7 7 29 29 29 29 29 117 134 134 134 134 443 507 511 511 511 1583 1979 2069 2107 2118
9649 76503 4 4 4 4 4 6 6 6 6 6 9 9 9 9 9 18 18 18 18 18 53 75 75 75 75
6439 1457737 5 5 5 5 5 24 24 24 24 24 98 98 98 98 98 451 455 458 460 460 1569 1680 1754 1811 1818
3569 2735112 8 8 8 8 8 48 48 48 48 48 189 197 197 197 197 701 765 765 765 765 2576 3246 3328 3418 3427
3171 579772 4 4 4 4 4 13 13 13 13 13 39 39 39 40 40 139 139 140 167 167 576 618 636 766 766
9447 94447 1 1 1 1 1 3 3 3 3 3 7 7 7 7 7 29 29 29 29 29 110 126 126 126 126
4693 470634 2 2 2 2 2 7 7 7 7 7 26 26 26 26 26 110 116 120 120 120 410 528 586 605 606
8479 1928108 8 8 8 8 8 34 34 34 34 34 146 146 146 146 146 556 566 587 587 598 2113 2343 2551 2575 2622
4947 264846 1 1 1 1 1 4 4 4 4 4 19 19 19 19 19 69 73 73 73 75 302 333 334 334 344
1627 441265 3 3 3 3 3 10 10 10 10 10 36 36 36 36 36 133 134 134 134 134 496 557 584 586 589
8609 1128567 1 1 1 1 1 9 9 9 9 9 60 60 60 60 60 288 289 298 298 298 1128 1271 1403 1408 1413
2903 5401861 8 8 8 8 8 45 45 45 45 45 285 301 311 318 318 1169 1339 1449 1486 1494 4443 5744 6421 6715 6799
9437 170342 1 1 1 1 1 2 2 2 2 2 7 10 10 10 10 13 46 46 46 46 61 201 201 201 201
557 73154576 196 196 196 196 196 999 1006 1006 1006 1006 4489 4560 4576 4581 4584 19145 20110 20508 20647 20725 72548 84210 89024 90988 91954
8629 2025726 4 4 4 4 4 29 29 29 29 29 137 137 137 137 137 557 576 587 587 587 1927 2315 2468 2490 2499
1359 776652 5 5 5 5 5 16 16 16 16 16 48 48 48 48 48 200 202 202 202 202 762 860 874 878 881
1551 13506154 31 31 33 33 33 155 155 170 170 170 679 683 787 791 791 3102 3197 3846 3865 3868 11792 13325 16774 16992 17088
9099 2174882 5 5 5 5 5 18 25 25 25 25 87 130 130 130 130 346 571 586 587 588 1339 2441 2644 2698 2717
2863 10784300 16 16 16 16 16 125 126 126 126 126 607 625 627 647 647 2506 2765 2837 3020 3022 9240 11535 12209 13268 13367
5069 851676 2 2 2 2 2 9 9 9 9 9 58 58 58 58 58 213 221 225 225 225 824 971 1052 1072 1072
6869 1792879 5 5 5 5 5 31 31 31 31 31 111 111 111 111 111 457 480 483 483 485 1795 2095 2167 2189 2223
9401 2428545 11 11 11 11 11 46 46 46 46 46 178 178 178 178 178 753 772 772 772 774 2808 3129 3172 3229 3255
5451 497480 1 1 1 1 1 6 6 6 6 6 22 23 23 23 23 81 100 100 100 100 315 539 554 561 569
7933 637549 3 3 3 3 3 9 9 9 9 9 42 42 42 42 42 178 193 193 193 193 630 807 830 846 847
1883 196703 2 2 2 2 2 3 3 3 3 3 12 12 12 12 12 69 73 73 74 74 260 280 281 297 297
9111 709660 5 5 5 5 5 14 14 14 14 14 49 49 49 49 49 205 208 208 208 208 752 822 847 849 854
7853 613526 3 3 3 3 3 8 8 8 8 8 34 35 35 35 35 159 176 176 177 177 602 781 805 821 823
4327 2400352 2 2 2 2 2 26 26 26 26 26 148 148 149 149 149 659 676 696 711 711 2491 2786 2940 3076 3115
4311 2528489 4 4 4 4 4 38 38 38 38 38 166 166 166 166 166 746 761 770 772 772 2769 3161 3261 3317 3326
2207 517835 2 2 2 2 2 11 11 11 11 11 45 45 45 45 45 162 169 170 171 171 627 703 729 749 749
1267 3247980 10 10 10 10 10 47 47 47 47 47 211 211 211 212 212 876 904 912 920 924 3333 3851 4001 4099 4145
7531 328024 3 3 3 3 3 9 9 9 9 9 19 19 19 19 19 81 85 85 85 85 290 333 354 365 367
4811 3492766 8 8 8 8 8 51 51 51 51 51 218 218 222 222 222 849 895 946 951 952 3328 3845 4266 4361 4414
8149 1816636 5 5 5 5 5 17 19 19 19 19 92 109 109 109 109 355 487 491 491 491 1376 2082 2205 2260 2272
4297 1748962 6 6 6 6 6 27 27 27 27 27 110 110 110 110 110 423 427 436 439 440 1658 1875 2105 2131 2148
6009 967105 3 3 3 3 3 8 8 8 8 8 40 40 40 40 40 222 244 244 244 244 875 1070 1080 1127 1128
1309 214787 2 2 2 2 2 4 4 4 4 4 13 13 13 13 13 50 53 53 53 53 197 250 269 269 269
4987 173050 1 1 1 1 1 4 4 4 4 4 14 14 14 14 14 59 59 59 59 59 186 217 219 228 228
2857 494024 3 3 3 3 3 7 7 7 7 7 19 19 19 19 19 103 117 117 117 117 437 539 556 575 601
5933 2366865 8 8 8 8 8 31 31 31 31 31 120 125 125 125 125 538 587 602 602 602 2145 2607 2774 2838 2868
4953 2081632 9 9 9 9 9 43 43 43 43 43 136 136 136 136 136 564 584 591 592 592 2146 2460 2620 2650 2653
2023 919984 5 5 5 5 5 21 21 21 21 21 58 58 58 58 58 239 243 246 246 246 908 1022 1074 1103 1106
1091 2170790 8 8 8 8 8 34 34 34 34 34 136 144 144 144 144 535 579 595 595 595 2065 2462 2650 2700 2720
2841 3043630 3 3 3 3 3 28 28 28 30 30 165 169 169 176 176 684 741 753 784 803 2590 3190 3377 3596 3675
7457 2374717 10 10 10 10 10 48 48 48 48 48 135 139 141 144 144 561 609 644 680 680 2170 2579 2835 3066 3071
981 3338831 11 11 11 11 11 39 39 39 39 39 201 203 203 203 203 909 963 968 969 972 3338 3990 4162 4219 4252
2067 1838989 9 9 9 9 9 33 33 33 33 33 122 122 122 122 122 485 492 513 515 515 1797 2041 2226 2289 2293
5541 382438 2 2 2 2 2 6 6 6 6 6 33 33 33 33 33 112 115 115 115 115 394 456 485 488 488
7167 28351 2 2 2 2 2 3 3 3 3 3 3 3 3 3 3 8 8 8 8 8 36 39 42 42 42
4537 1037726 5 5 5 5 5 19 19 19 19 19 74 74 74 74 74 273 283 295 295 298 978 1167 1231 1248 1285
1587 5657661 15 15 15 15 15 73 73 73 73 73 363 367 372 372 372 1475 1534 1624 1625 1626 5603 6414 7079 7135 7188
3473 735866 3 3 3 3 3 10 10 10 10 10 39 39 39 44 46 154 155 155 190 195 575 635 649 862 883
9253 6924832 15 15 15 15 15 81 81 81 81 81 393 398 398 398 398 1807 1923 1945 1951 1953 7055 8302 8684 8779 8844
8101 7317295 18 18 18 18 18 81 81 81 81 81 428 431 431 431 431 1773 1866 1883 1896 1907 7057 8144 8614 8766 8942
113 19553 3 3 3 3 3 4 4 4 4 4 7 7 7 7 7 19 19 19 19 19 30 34 34 34 34
9653 52746 1 1 1 1 1 2 2 2 2 2 4 4 4 4 4 9 9 9 9 9 46 55 55 55 57
759 3746234 17 17 17 17 17 61 61 61 61 61 249 256 260 260 260 980 1059 1102 1106 1106 3523 4165 4691 4763 4776
8623 2532533 3 3 3 3 3 21 21 21 21 21 127 127 127 129 129 662 681 686 716 716 2463 2801 2912 3139 3151
7103 678357 1 1 1 1 1 5 5 5 5 5 22 25 27 27 27 103 125 162 162 162 403 530 801 803 814
8879 2368803 5 5 5 5 5 36 36 36 36 36 164 164 164 164 164 688 706 712 719 722 2668 3000 3094 3139 3179
7517 3568611 12 12 12 12 12 63 63 63 63 63 258 258 258 258 259 1007 1027 1032 1032 1048 3836 4191 4372 4416 4571
5379 1918141 4 4 4 4 4 27 27 27 27 27 101 101 103 103 103 459 493 527 527 535 1778 2066 2330 2359 2456
3059 5342884 20 20 20 20 20 83 83 83 83 83 330 330 330 330 330 1449 1483 1493 1495 1495 5566 6250 6567 6649 6688
2257 42086345 128 128 128 128 128 587 589 601 605 605 2554 2583 2679 2698 2699 10469 11015 11745 11907 11931 39372 45812 50958 52597 53117
5389 255359 1 1 1 1 1 2 2 2 2 2 8 8 8 11 11 26 26 26 67 67 84 88 93 285 292
9849 135747 2 2 2 2 2 2 2 2 2 2 6 6 6 6 6 18 26 26 26 26 68 151 152 154 154
2497 664966 4 4 4 4 4 22 22 22 22 22 50 50 50 50 50 184 188 188 188 188 666 782 814 820 821
7477 4897154 12 12 12 12 12 65 65 65 65 65 309 330 331 331 331 1252 1377 1403 1409 1409 4837 5821 6089 6195 6211
437 3843805 9 9 9 9 9 44 44 44 44 44 214 214 228 228 228 976 994 1102 1104 1104 3576 3962 4689 4773 4803
1623 5276946 7 7 7 7 7 39 39 39 39 39 267 268 268 268 268 1356 1385 1406 1407 1407 5189 5834 6249 6312 6366
2311 149698 2 2 2 2 2 4 4 4 4 4 9 9 9 13 13 34 34 34 56 56 113 116 118 209 209
4877 1009680 5 5 5 5 5 20 20 20 20 20 68 68 68 68 68 269 285 285 285 285 1045 1208 1237 1248 1250
2963 6481413 18 18 18 18 18 90 90 90 90 90 393 394 394 394 394 1755 1812 1826 1826 1826 6603 7536 7900 8038 8077
8551 1031756 4 4 4 4 4 10 10 10 10 10 51 51 51 51 51 216 240 249 249 249 889 1126 1207 1223 1226
2691 174580 2 2 2 2 2 8 8 8 8 8 18 18 18 18 18 42 44 44 44 44 164 210 210 210 210
1399 53406244 197 197 197 197 197 791 793 797 797 797 3302 3361 3392 3396 3396 13505 14365 14754 14863 14890 50909 60226 64596 66184 66734
6471 526012 1 1 1 1 1 2 2 2 2 2 30 30 30 30 30 137 142 146 146 146 500 588 672 675 675
5537 1708553 3 3 3 3 3 13 13 13 13 13 79 79 79 85 85 327 342 344 397 397 1398 1608 1665 2061 2071
6427 15354606 44 44 44 44 44 239 239 239 239 239 946 969 977 977 977 3914 4206 4305 4346 4352 14567 17251 18422 19021 19173
2883 10098 2 2 2 2 2 3 3 3 3 3 3 3 3 3 3 5 5 5 5 5 14 15 15 15 15
6301 8995207 8 8 8 8 8 70 70 70 92 92 324 325 326 490 497 1446 1511 1551 2418 2486 5459 6324 6804 10878 11306
3091 1321798 5 5 5 5 5 13 13 13 13 13 63 63 63 63 63 313 322 327 343 343 1178 1341 1426 1549 1555
5303 898968 6 6 6 6 6 16 16 16 16 16 56 56 56 56 56 206 209 209 211 215 806 898 944 985 1006
6421 3407689 8 8 8 8 8 46 46 46 46 46 217 219 219 219 219 896 927 930 938 947 3333 3751 4025 4147 4267
3499 1894604 9 9 9 9 9 34 34 34 34 34 133 135 135 135 135 471 523 542 542 543 1781 2200 2363 2395 2417
5113 951461 4 4 4 4 4 13 13 13 13 13 45 45 45 45 48 231 250 250 250 268 939 1138 1155 1164 1243
8413 1069064 1 1 1 1 1 18 18 18 18 18 79 79 79 79 79 277 285 286 286 286 1136 1236 1293 1326 1326
2917 2224303 14 14 14 14 14 46 46 46 46 46 148 148 148 148 148 610 618 623 626 626 2307 2624 2730 2782 2799
3273 3452850 8 8 8 8 8 50 50 50 50 50 219 225 228 228 228 950 1018 1059 1059 1059 3413 4110 4463 4493 4506
5621 8095722 32 32 32 32 32 137 137 137 137 137 542 542 543 543 543 2219 2270 2316 2322 2327 8178 9285 9860 10069 10144
5441 1216991 4 4 4 4 4 24 24 24 24 24 85 85 85 85 85 370 387 389 389 389 1380 1595 1630 1635 1643
9407 400276 2 2 2 2 2 5 5 5 5 5 30 30 30 30 30 113 113 113 113 113 467 503 507 511 512
7877 402945 2 2 2 2 2 12 12 12 12 12 34 34 34 34 34 120 120 120 120 120 451 492 503 518 529
637 1228713 3 3 3 3 3 16 16 16 16 16 60 61 61 61 61 273 285 293 299 299 1012 1186 1334 1419 1433
1299 3826164 11 11 11 11 11 45 45 45 45 45 251 253 256 256 256 1035 1080 1131 1134 1134 3733 4438 4790 4851 4871
2111 487870 4 4 4 4 4 12 12 12 12 12 38 38 38 38 38 140 147 147 147 147 512 599 608 618 627
1731 249233 3 3 3 3 3 6 6 6 6 6 22 22 22 22 22 92 94 94 94 94 309 344 356 365 365
2269 196467 2 2 2 2 2 7 7 7 7 7 20 20 20 20 20 50 54 54 55 55 182 244 246 266 268
9557 434312 1 1 1 1 1 5 5 5 5 5 24 24 24 24 24 126 127 127 127 127 497 547 565 567 568
6577 2447363 8 8 8 8 8 39 39 39 39 39 174 174 174 174 174 672 690 694 695 695 2461 2769 2911 2951 2953
4033 696249 1 1 1 1 1 10 10 10 10 10 39 39 39 39 39 163 176 176 176 176 639 783 801 802 806
9829 851930 1 1 1 1 1 5 5 5 11 11 15 15 15 48 48 74 74 75 229 229 284 318 348 1041 1049
3921 2454917 3 3 3 3 3 30 30 30 30 30 174 174 174 174 174 723 738 740 751 752 2594 2910 3059 3158 3207
4183 6990 2 2 2 2 2 2 2 2 2 2 3 3 3 3 3 4 4 4 4 4 10 10 10 10 10
5009 220104 1 1 1 1 1 8 8 8 8 8 22 22 22 22 22 80 80 80 80 80 291 301 322 322 322
2469 1692217 7 7 7 7 7 34 34 34 34 34 98 98 99 99 99 428 444 465 475 475 1539 1775 1933 2023 2037
3247 455301 1 1 1 1 1 7 7 7 7 7 31 31 31 31 31 144 144 144 144 144 532 585 612 612 612
3049 2245557 5 5 5 5 5 14 26 26 26 26 68 129 129 129 129 281 599 608 612 614 1043 2474 2614 2663 2695
2807 1349681 9 9 9 9 9 25 25 25 25 25 69 69 76 76 76 307 317 384 384 384 1224 1357 1755 1770 1779
5761 2056738 5 5 5 5 5 20 20 20 20 20 106 106 106 106 106 496 508 520 521 531 2094 2293 2404 2439 2557
2739 3959957 8 8 8 8 8 50 50 50 50 50 228 228 228 236 236 956 967 988 1068 1068 3652 4037 4408 4891 4919
6587 1448534 3 3 3 3 3 8 8 8 8 8 54 54 54 54 54 323 335 339 343 343 1274 1473 1547 1652 1660
5589 1785001 8 8 8 8 8 28 28 28 28 28 116 116 116 116 116 468 474 478 483 484 1829 2058 2153 2207 2222
6307 12298 1 1 1 1 1 2 2 2 2 2 3 3 3 3 3 4 4 4 4 4 20 22 24 24 24
1881 1628356 5 5 5 5 5 19 19 19 19 19 94 94 94 94 94 392 394 396 402 404 1587 1758 1832 1903 1957
9927 37968 1 1 1 1 1 2 2 2 2 2 8 8 8 8 8 18 18 18 18 18 53 64 64 64 64
2209 2679469 8 8 8 8 8 37 37 37 37 37 154 154 161 161 161 673 704 774 778 778 2480 2852 3295 3377 3403
4153 15419 2 2 2 2 2 2 2 2 2 2 3 3 3 3 3 6 6 6 6 6 21 21 21 21 21
1171 236928 3 3 3 3 3 5 5 5 5 5 12 12 12 12 12 54 54 54 54 54 252 273 283 287 287
4783 3613815 15 15 15 15 15 49 49 49 49 49 212 214 225 225 225 910 924 980 982 982 3422 3866 4290 4387 4403
873 6548499 30 30 30 30 30 102 108 108 108 108 368 397 397 397 397 1608 1877 1891 1898 1898 5967 7771 8111 8244 8283
1127 1004299 3 3 3 3 3 19 19 19 19 19 63 64 64 64 64 241 264 268 268 268 865 1078 1142 1155 1161
6201 8196087 34 34 34 34 34 124 124 126 126 126 503 515 532 532 532 2081 2213 2298 2307 2313 7684 9184 9932 10120 10239
9243 16013037 66 66 66 66 66 263 263 263 263 263 1067 1092 1096 1099 1099 4183 4403 4497 4549 4556 15406 17995 19228 19787 19947
9931 168032 1 1 1 1 1 6 6 6 6 6 18 18 18 18 18 52 52 52 52 52 178 184 208 210 210
4073 854001 4 4 4 4 4 21 21 21 21 21 63 63 63 63 63 266 273 276 277 277 954 1072 1119 1146 1146
6303 1353667 4 4 4 4 4 22 22 22 22 22 106 106 106 106 106 393 403 407 407 407 1465 1656 1708 1720 1721
7177 1081904 4 4 4 4 4 19 19 19 19 19 63 63 63 63 64 262 267 267 269 282 984 1099 1155 1199 1298
317 25033828 80 80 80 80 80 362 366 366 366 366 1583 1629 1662 1665 1665 6659 7086 7330 7367 7372 24723 29184 31081 31687 31912
5883 777802 2 2 2 2 2 10 10 10 10 10 53 53 53 53 53 215 215 215 215 215 836 915 938 944 948
2369 2227619 2 2 2 2 2 20 21 21 21 21 77 84 91 94 97 399 458 506 534 556 1573 2048 2366 2597 2725
4453 4902712 13 13 13 13 13 69 69 69 69 69 280 284 285 285 285 1211 1297 1319 1320 1320 4707 5643 5904 5997 6020
1039 1143230 4 4 4 4 4 9 9 9 9 9 57 58 58 58 58 262 275 275 283 283 1040 1178 1238 1332 1340
8999 536796 2 2 2 2 2 4 4 4 4 4 27 27 27 27 27 153 155 157 157 157 565 627 669 687 690
7619 856660 4 4 4 4 4 10 10 10 10 10 48 48 48 48 48 259 259 259 259 259 945 1055 1076 1089 1092
167 625347 6 6 6 6 6 16 16 16 16 16 37 37 44 44 44 118 119 166 166 166 454 497 772 775 782
4817 6542070 21 21 21 21 21 101 101 101 101 101 415 415 416 418 418 1734 1770 1822 1840 1843 6407 7200 7834 8048 8140
4233 362814 4 4 4 4 4 14 14 14 14 14 39 39 39 39 39 146 147 147 147 147 519 559 575 580 580
311 311578569 958 962 962 962 962 4250 4328 4331 4335 4335 18748 19478 19630 19708 19717 78620 84866 86957 87837 88104 295618 354058 377568 387991 391698
121 25869875 75 75 75 75 75 299 311 311 311 312 1458 1529 1531 1531 1555 6529 7001 7151 7207 7351 24361 28991 30827 31564 32504
8807 4023346 4 4 4 4 4 47 47 47 47 47 239 241 243 243 243 1042 1085 1115 1115 1115 4091 4679 5037 5077 5090
#resid 483311 484171 483921 484704 483787
