v    a1  a2  k  pred_r  depth  ell  dominant_r  |total|      frac_at_pred_r   frac_above_pred_r   frac_at_control   frac_above_control
1      2   4  1      1     8    8          4 4.51725e-08            0.2255             0.7745            0.0437               0.9563
1      4   8  2      1     8    8          5 1.81913e-08            0.1226             0.8774            0.1664               0.8336
1      2   8  3      2     8    8          1 2.85752e-08            0.0886             0.6148            0.0800               0.7056
5      3   5  1      1     8    8          7 8.56370e-08            0.0250             0.9750            0.1077               0.8923
5      5   9  2      1     8    8          4 6.08724e-08            0.0416             0.9584            0.0554               0.9446
5      3   9  3      2     8    8          7 9.17756e-08            0.0989             0.8591            0.1994               0.7159
7      4   6  1      1     8    8          4 1.98955e-08            0.2414             0.7586            0.2412               0.7588
7      6  10  2      1     8    8          7 6.30232e-08            0.0551             0.9449            0.2296               0.7704
7      4  10  3      2     8    8          5 2.00141e-07            0.2509             0.5812            0.0855               0.7327
11     1   3  1      1     8    8          4 2.09798e-08            0.2503             0.7497            0.1298               0.8702
11     3   7  2      1     8    8          6 8.11025e-08            0.1383             0.8617            0.1941               0.8059
11     1   7  3      2     8    8          3 1.28068e-09            0.1059             0.6930            0.0969               0.7581
13     2   6  2      1     8    8          7 6.62499e-09            0.1067             0.8933            0.1175               0.8825
13     6   8  1      1     8    8          4 3.35845e-08            0.2157             0.7843            0.1239               0.8761
13     2   8  3      2     8    8          3 3.07467e-07            0.0904             0.7221            0.0667               0.6798
17     1   5  2      1     8    8          3 4.61956e-08            0.2053             0.7947            0.2518               0.7482
17     5   7  1      1     8    8          4 1.59141e-08            0.0732             0.9268            0.0868               0.9132
17     1   7  3      2     8    8          6 1.87941e-08            0.0744             0.7764            0.0855               0.7429
19     2   4  1      1     8    8          6 2.94314e-08            0.2350             0.7650            0.0752               0.9248
19     4   8  2      1     8    8          7 1.09329e-07            0.0563             0.9437            0.0483               0.9517
19     2   8  3      2     8    8          5 6.54323e-09            0.1044             0.7876            0.2874               0.4126
23     3   5  1      1     8    8          5 4.42594e-08            0.0665             0.9335            0.3154               0.6846
23     5   9  2      1     8    8          4 1.03849e-07            0.1691             0.8309            0.0307               0.9693
23     3   9  3      2     8    8          4 3.95894e-08            0.0105             0.7857            0.0074               0.9802
25     4   6  1      1     8    8          7 7.14341e-09            0.0916             0.9084            0.1774               0.8226
25     6  10  2      1     8    8          4 1.60762e-08            0.0843             0.9157            0.1293               0.8707
25     4  10  3      2     8    8          8 3.17122e-08            0.0298             0.9596            0.1083               0.7770
29     1   3  1      1     8    8          4 4.93017e-08            0.1635             0.8365            0.1427               0.8573
29     3   7  2      1     8    8          3 6.56155e-09            0.1146             0.8854            0.1487               0.8513
29     1   7  3      2     8    8          7 1.88433e-08            0.0995             0.7352            0.0076               0.9470
31     2   6  2      1     8    8          7 1.89941e-08            0.1418             0.8582            0.0271               0.9729
31     6   8  1      1     8    8          5 3.62409e-07            0.0444             0.9556            0.1830               0.8170
31     2   8  3      2     8    8          8 3.73906e-08            0.0429             0.9028            0.0041               0.8556
35     1   5  2      1     8    8          5 7.89436e-09            0.1175             0.8825            0.0893               0.9107
35     5   7  1      1     8    8          5 2.85582e-08            0.2241             0.7759            0.1288               0.8712
35     1   7  3      2     8    8          8 4.87715e-08            0.0248             0.9125            0.1724               0.5834
