v    a1  a2  k  pred_r  depth  ell  dominant_r  |total|      frac_at_pred_r   frac_above_pred_r   frac_at_control   frac_above_control
1      2   4  1      1    10   10          4 3.72159e-10            0.1545             0.8455            0.1400               0.8600
1      4   8  2      1    10   10          1 1.70045e-10            0.2139             0.7861            0.1525               0.8475
1      2   8  3      2    10   10          9 2.43522e-10            0.0132             0.9161            0.0198               0.9186
5      3   5  1      1    10   10          5 6.69184e-10            0.0790             0.9210            0.1984               0.8016
5      5   9  2      1    10   10          9 3.84533e-10            0.1398             0.8602            0.1479               0.8521
5      3   9  3      2    10   10          5 5.95770e-10            0.0068             0.8544            0.0257               0.9171
7      4   6  1      1    10   10          5 2.95588e-10            0.1202             0.8798            0.1801               0.8199
7      6  10  2      1    10   10         10 6.18198e-10            0.1644             0.8356            0.1708               0.8292
7      4  10  3      2    10   10          1 1.33526e-09            0.0935             0.6598            0.0302               0.8901
11     1   3  1      1    10   10          5 3.33722e-10            0.1347             0.8653            0.0978               0.9022
11     3   7  2      1    10   10          5 1.25415e-09            0.1656             0.8344            0.1404               0.8596
11     1   7  3      2    10   10          7 1.75231e-10            0.0008             0.9551            0.0271               0.7911
13     2   6  2      1    10   10          5 2.68911e-10            0.1042             0.8958            0.1723               0.8277
13     6   8  1      1    10   10         10 4.30981e-09            0.0401             0.9599            0.0120               0.9880
13     2   8  3      2    10   10          9 5.02088e-09            0.0021             0.9610            0.0247               0.7676
17     1   5  2      1    10   10          9 1.95763e-10            0.0884             0.9116            0.1894               0.8106
17     5   7  1      1    10   10          9 1.16778e-10            0.1498             0.8502            0.0623               0.9377
17     1   7  3      2    10   10          9 2.24913e-10            0.0219             0.8888            0.0154               0.8922
